B 10 1
B 11 1
B 50 0.0001
B 90 1
B 92 8
B 93 0.128 5.0
B 96 9.8 0.0
B 98 2
B 99 2
D 10 4
D 20 2
D 30 1
F 30 3
F 40 3
F 42 1.0
F 60 0.4
I 12 1
N 40 3
N 41 60.0
N 47 0.1
M 10 32
P 12 100
T 10 2
T 36 2
W 10 0.0
W 22 -9.81
P 51 18.0000 0.0025
P 51 18.1000 0.0025
P 51 18.2000 0.0025
P 51 18.3000 0.0025
P 51 18.4000 0.0025
P 51 18.5000 0.0025
P 51 18.6000 0.0025
P 51 18.7000 0.0025
P 51 18.8000 0.0025
P 51 18.9000 0.0025
P 51 19.0000 0.0025
P 51 19.1000 0.0025
P 51 19.2000 0.0025
P 51 19.3000 0.0025
P 51 19.4000 0.0025
P 51 19.5000 0.0025
P 51 19.6000 0.0025
P 51 19.7000 0.0025
P 51 19.8000 0.0025
P 51 19.9000 0.0025
P 51 20.0000 0.0025
P 51 20.1000 0.0025
P 51 20.2000 0.0025
P 51 20.3000 0.0025
P 51 20.4000 0.0025
P 51 20.5000 0.0025
P 51 20.6000 0.0025
P 51 20.7000 0.0025
P 51 20.8000 0.0025
P 51 20.9000 0.0025
P 51 21.0000 0.0025
P 51 21.1000 0.0025
P 51 21.2000 0.0025
P 51 21.3000 0.0025
P 51 21.4000 0.0025
P 51 21.5000 0.0025
P 51 21.6000 0.0025
P 51 21.7000 0.0025
P 51 21.8000 0.0025
P 51 21.9000 0.0025
P 51 22.0000 0.0025
P 51 22.1000 0.0025
P 51 22.2000 0.0025
P 51 22.3000 0.0025
P 51 22.4000 0.0025
P 51 22.5000 0.0025
P 51 22.6000 0.0025
P 51 22.7000 0.0025
P 51 22.8000 0.0025
P 51 22.9000 0.0025
P 51 23.0000 0.0025
P 51 23.1000 0.0025
P 51 23.2000 0.0025
P 51 23.3000 0.0025
P 51 23.4000 0.0025
P 51 23.5000 0.0025
P 51 23.6000 0.0025
P 51 23.7000 0.0025
P 51 23.8000 0.0025
P 51 23.9000 0.0025
P 51 24.0000 0.0025
P 51 24.1000 0.0025
P 51 24.2000 0.0025
P 51 24.3000 0.0025
P 51 24.4000 0.0025
P 51 24.5000 0.0025
P 51 24.6000 0.0025
P 51 24.7000 0.0025
P 51 24.8000 0.0025
P 51 24.9000 0.0025
P 51 25.0000 0.0025
