A 10 2

B 90 1
B 92 2
B 93 0.1 4.0
B 96 0.0 0.0
B 98 2

B 510 1 3 0.0 30.0
B 514 1 0.0 1.0 0.0

B 520 10 3 0
B 521 10 1 0.0 0.0 0.0
B 523 10 1
B 520 11 3 0
B 521 11 2 0.0 0.0 0.0
B 523 11 1

B 520 1 1 0
B 521 1 1 0.0 0.0 50.0
B 523 1 1
B 520 3 2 0
B 521 3 2 0.0 0.0 60.0
B 523 3 1

B 530 2 10

F 60 5.0

N 41 300.0
N 47 0.5

M 10 1

P 51 80.0 0.25
P 51 81.0 0.25
P 51 82.0 0.25
P 51 83.0 0.25
P 51 84.0 0.25
P 51 85.0 0.25
P 51 86.0 0.25
P 51 87.0 0.25
P 51 88.0 0.25
P 51 89.0 0.25
P 51 90.0 0.25
P 51 91.0 0.25
P 51 92.0 0.25
P 51 93.0 0.25
P 51 94.0 0.25
P 51 95.0 0.25
P 51 96.0 0.25
P 51 97.0 0.25
P 51 98.0 0.25
P 51 99.0 0.25
P 51 100.0 0.25
P 51 101.0 0.25
P 51 102.0 0.25
P 51 103.0 0.25
P 51 104.0 0.25
P 51 105.0 0.25
P 51 106.0 0.25
P 51 107.0 0.25
P 51 108.0 0.25
P 51 109.0 0.25
P 51 110.0 0.25
P 51 111.0 0.25
P 51 112.0 0.25
P 51 113.0 0.25
P 51 114.0 0.25
P 51 115.0 0.25
P 51 116.0 0.25
P 51 117.0 0.25
P 51 118.0 0.25
P 51 119.0 0.25
P 51 120.0 0.25
P 51 121.0 0.25
P 51 122.0 0.25
P 51 123.0 0.25
P 51 124.0 0.25
P 51 125.0 0.25
P 51 126.0 0.25
P 51 127.0 0.25
P 51 128.0 0.25
P 51 129.0 0.25
P 51 130.0 0.25
P 51 131.0 0.25
P 51 132.0 0.25
P 51 133.0 0.25
P 51 134.0 0.25
P 51 135.0 0.25
P 51 136.0 0.25
P 51 137.0 0.25
P 51 138.0 0.25
P 51 139.0 0.25
P 51 140.0 0.25
P 51 141.0 0.25
P 51 142.0 0.25
P 51 143.0 0.25
P 51 144.0 0.25
P 51 145.0 0.25
P 51 146.0 0.25
P 51 147.0 0.25
P 51 148.0 0.25
P 51 149.0 0.25
P 51 150.0 0.25
P 51 151.0 0.25
P 51 152.0 0.25
P 51 153.0 0.25
P 51 154.0 0.25
P 51 155.0 0.25
P 51 156.0 0.25
P 51 157.0 0.25
P 51 158.0 0.25
P 51 159.0 0.25
P 51 160.0 0.25
P 51 161.0 0.25
P 51 162.0 0.25
P 51 163.0 0.25
P 51 164.0 0.25
P 51 165.0 0.25
P 51 166.0 0.25
P 51 167.0 0.25
P 51 168.0 0.25
P 51 169.0 0.25
P 51 170.0 0.25

W 22 -9.81
