A 10 5
F 60 0.5
N 41 12.0
N 47 0.5
M 10 1
P 12 100
W 22 -9.81
P 51 0.05 0.005
F 72 0.00000 0.01000 -1.0 1.0 0.504999
F 72 0.01000 0.02000 -1.0 1.0 0.504994
F 72 0.02000 0.03000 -1.0 1.0 0.504985
F 72 0.03000 0.04000 -1.0 1.0 0.504970
F 72 0.04000 0.05000 -1.0 1.0 0.504950
F 72 0.05000 0.06000 -1.0 1.0 0.504926
F 72 0.06000 0.07000 -1.0 1.0 0.504896
F 72 0.07000 0.08000 -1.0 1.0 0.504862
F 72 0.08000 0.09000 -1.0 1.0 0.504823
F 72 0.09000 0.10000 -1.0 1.0 0.504779
F 72 0.10000 0.11000 -1.0 1.0 0.504730
F 72 0.11000 0.12000 -1.0 1.0 0.504677
F 72 0.12000 0.13000 -1.0 1.0 0.504619
F 72 0.13000 0.14000 -1.0 1.0 0.504557
F 72 0.14000 0.15000 -1.0 1.0 0.504490
F 72 0.15000 0.16000 -1.0 1.0 0.504419
F 72 0.16000 0.17000 -1.0 1.0 0.504343
F 72 0.17000 0.18000 -1.0 1.0 0.504263
F 72 0.18000 0.19000 -1.0 1.0 0.504179
F 72 0.19000 0.20000 -1.0 1.0 0.504091
F 72 0.20000 0.21000 -1.0 1.0 0.503998
F 72 0.21000 0.22000 -1.0 1.0 0.503902
F 72 0.22000 0.23000 -1.0 1.0 0.503802
F 72 0.23000 0.24000 -1.0 1.0 0.503698
F 72 0.24000 0.25000 -1.0 1.0 0.503591
F 72 0.25000 0.26000 -1.0 1.0 0.503480
F 72 0.26000 0.27000 -1.0 1.0 0.503365
F 72 0.27000 0.28000 -1.0 1.0 0.503247
F 72 0.28000 0.29000 -1.0 1.0 0.503126
F 72 0.29000 0.30000 -1.0 1.0 0.503002
F 72 0.30000 0.31000 -1.0 1.0 0.502875
F 72 0.31000 0.32000 -1.0 1.0 0.502745
F 72 0.32000 0.33000 -1.0 1.0 0.502612
F 72 0.33000 0.34000 -1.0 1.0 0.502477
F 72 0.34000 0.35000 -1.0 1.0 0.502340
F 72 0.35000 0.36000 -1.0 1.0 0.502200
F 72 0.36000 0.37000 -1.0 1.0 0.502058
F 72 0.37000 0.38000 -1.0 1.0 0.501913
F 72 0.38000 0.39000 -1.0 1.0 0.501767
F 72 0.39000 0.40000 -1.0 1.0 0.501620
F 72 0.40000 0.41000 -1.0 1.0 0.501470
F 72 0.41000 0.42000 -1.0 1.0 0.501319
F 72 0.42000 0.43000 -1.0 1.0 0.501167
F 72 0.43000 0.44000 -1.0 1.0 0.501014
F 72 0.44000 0.45000 -1.0 1.0 0.500860
F 72 0.45000 0.46000 -1.0 1.0 0.500705
F 72 0.46000 0.47000 -1.0 1.0 0.500549
F 72 0.47000 0.48000 -1.0 1.0 0.500392
F 72 0.48000 0.49000 -1.0 1.0 0.500236
F 72 0.49000 0.50000 -1.0 1.0 0.500079
F 72 0.50000 0.51000 -1.0 1.0 0.499921
F 72 0.51000 0.52000 -1.0 1.0 0.499764
F 72 0.52000 0.53000 -1.0 1.0 0.499608
F 72 0.53000 0.54000 -1.0 1.0 0.499451
F 72 0.54000 0.55000 -1.0 1.0 0.499295
F 72 0.55000 0.56000 -1.0 1.0 0.499140
F 72 0.56000 0.57000 -1.0 1.0 0.498986
F 72 0.57000 0.58000 -1.0 1.0 0.498833
F 72 0.58000 0.59000 -1.0 1.0 0.498681
F 72 0.59000 0.60000 -1.0 1.0 0.498530
F 72 0.60000 0.61000 -1.0 1.0 0.498380
F 72 0.61000 0.62000 -1.0 1.0 0.498233
F 72 0.62000 0.63000 -1.0 1.0 0.498087
F 72 0.63000 0.64000 -1.0 1.0 0.497942
F 72 0.64000 0.65000 -1.0 1.0 0.497800
F 72 0.65000 0.66000 -1.0 1.0 0.497660
F 72 0.66000 0.67000 -1.0 1.0 0.497523
F 72 0.67000 0.68000 -1.0 1.0 0.497388
F 72 0.68000 0.69000 -1.0 1.0 0.497255
F 72 0.69000 0.70000 -1.0 1.0 0.497125
F 72 0.70000 0.71000 -1.0 1.0 0.496998
F 72 0.71000 0.72000 -1.0 1.0 0.496874
F 72 0.72000 0.73000 -1.0 1.0 0.496753
F 72 0.73000 0.74000 -1.0 1.0 0.496635
F 72 0.74000 0.75000 -1.0 1.0 0.496520
F 72 0.75000 0.76000 -1.0 1.0 0.496409
F 72 0.76000 0.77000 -1.0 1.0 0.496302
F 72 0.77000 0.78000 -1.0 1.0 0.496198
F 72 0.78000 0.79000 -1.0 1.0 0.496098
F 72 0.79000 0.80000 -1.0 1.0 0.496002
F 72 0.80000 0.81000 -1.0 1.0 0.495909
F 72 0.81000 0.82000 -1.0 1.0 0.495821
F 72 0.82000 0.83000 -1.0 1.0 0.495737
F 72 0.83000 0.84000 -1.0 1.0 0.495657
F 72 0.84000 0.85000 -1.0 1.0 0.495581
F 72 0.85000 0.86000 -1.0 1.0 0.495510
F 72 0.86000 0.87000 -1.0 1.0 0.495443
F 72 0.87000 0.88000 -1.0 1.0 0.495381
F 72 0.88000 0.89000 -1.0 1.0 0.495323
F 72 0.89000 0.90000 -1.0 1.0 0.495270
F 72 0.90000 0.91000 -1.0 1.0 0.495221
F 72 0.91000 0.92000 -1.0 1.0 0.495177
F 72 0.92000 0.93000 -1.0 1.0 0.495138
F 72 0.93000 0.94000 -1.0 1.0 0.495104
F 72 0.94000 0.95000 -1.0 1.0 0.495074
F 72 0.95000 0.96000 -1.0 1.0 0.495050
F 72 0.96000 0.97000 -1.0 1.0 0.495030
F 72 0.97000 0.98000 -1.0 1.0 0.495015
F 72 0.98000 0.99000 -1.0 1.0 0.495006
F 72 0.99000 1.00000 -1.0 1.0 0.495001
