A 10 5
B 90 1
B 92 2
B 93 0.02 1.2
B 96 4.0 6.0
B 98 2
B 99 2
F 60 0.5
N 47 0.5
M 10 2
P 10 0
P 51 5.0 0.4
P 51 5.1 0.4
P 51 5.2 0.4
P 51 5.3 0.4
P 51 5.4 0.4
P 51 5.5 0.4
P 51 5.6 0.4
P 51 5.7 0.4
P 51 5.8 0.4
P 51 5.9 0.4
P 51 6.0 0.4
P 51 6.1 0.4
P 51 6.2 0.4
P 51 6.3 0.4
P 51 6.4 0.4
P 51 6.5 0.4
P 51 6.6 0.4
P 51 6.7 0.4
P 51 6.8 0.4
P 51 6.9 0.4
P 51 7.0 0.4
P 51 7.1 0.4
P 51 7.2 0.4
P 51 7.3 0.4
P 51 7.4 0.4
P 51 7.5 0.4
P 51 7.6 0.4
P 51 7.7 0.4
P 51 7.8 0.4
P 51 7.9 0.4
P 51 8.0 0.4
P 51 8.1 0.4
P 51 8.2 0.4
P 51 8.3 0.4
P 51 8.4 0.4
P 51 8.5 0.4
P 51 8.6 0.4
P 51 8.7 0.4
P 51 8.8 0.4
P 51 8.9 0.4
P 51 9.0 0.4
P 51 9.1 0.4
P 51 9.2 0.4
P 51 9.3 0.4
P 51 9.4 0.4
P 51 9.5 0.4
P 51 9.6 0.4
P 51 9.7 0.4
P 51 9.8 0.4
P 51 9.9 0.4
P 51 10.0 0.4
P 51 10.1 0.4
P 51 10.2 0.4
P 51 10.3 0.4
P 51 10.4 0.4
P 51 10.5 0.4
P 51 10.6 0.4
P 51 10.7 0.4
P 51 10.8 0.4
P 51 10.9 0.4
P 51 11.0 0.4
P 51 11.1 0.4
P 51 11.2 0.4
P 51 11.3 0.4
P 51 11.4 0.4
P 51 11.5 0.4
P 51 11.6 0.4
P 51 11.7 0.4
P 51 11.8 0.4
P 51 11.9 0.4
P 51 12.0 0.4
P 51 12.1 0.4
P 51 12.2 0.4
P 51 12.3 0.4
P 51 12.4 0.4
P 51 12.5 0.4
P 51 12.6 0.4
P 51 12.7 0.4
P 51 12.8 0.4
P 51 12.9 0.4
P 51 13.0 0.4
P 51 13.1 0.4
P 51 13.2 0.4
P 51 13.3 0.4
P 51 13.4 0.4
P 51 13.5 0.4
P 51 13.6 0.4
P 51 13.7 0.4
P 51 13.8 0.4
P 51 13.9 0.4
P 51 14.0 0.4
P 51 14.1 0.4
P 51 14.2 0.4
P 51 14.3 0.4
P 51 14.4 0.4
P 51 14.5 0.4
P 51 14.6 0.4
P 51 14.7 0.4
P 51 14.8 0.4
P 51 14.9 0.4
P 51 15.0 0.4
P 51 15.1 0.4
P 51 15.2 0.4
P 51 15.3 0.4
P 51 15.4 0.4
P 51 15.5 0.4
P 51 15.6 0.4
P 51 15.7 0.4
P 51 15.8 0.4
P 51 15.9 0.4
P 51 16.0 0.4
P 51 16.1 0.4
P 51 16.2 0.4
P 51 16.3 0.4
P 51 16.4 0.4
P 51 16.5 0.4
P 51 16.6 0.4
P 51 16.7 0.4
P 51 16.8 0.4
P 51 16.9 0.4
P 51 17.0 0.4
P 51 17.1 0.4
P 51 17.2 0.4
P 51 17.3 0.4
P 51 17.4 0.4
P 51 17.5 0.4
P 51 17.6 0.4
P 51 17.7 0.4
P 51 17.8 0.4
P 51 17.9 0.4
P 51 18.0 0.4
W 22 -9.81
I 30 1
A 270 1
A 276 9.0 15.0 0.0 0.8
A 275 8
