0.0000 0.0000000000e+00 0.0
0.0005 1.9739143863e-07 0.0
0.0010 7.8955796184e-07 0.0
0.0015 1.7764761919e-06 0.0
0.0020 3.1581071670e-06 0.0
0.0025 4.9343963427e-06 0.0
0.0030 7.1052735941e-06 0.0
0.0035 9.6706532188e-06 0.0
0.0040 1.2630433940e-05 0.0
0.0045 1.5984498910e-05 0.0
0.0050 1.9732715717e-05 0.0
0.0055 2.3874936388e-05 0.0
0.0060 2.8410997394e-05 0.0
0.0065 3.3340719660e-05 0.0
0.0070 3.8663908568e-05 0.0
0.0075 4.4380353969e-05 0.0
0.0080 5.0489830187e-05 0.0
0.0085 5.6992096030e-05 0.0
0.0090 6.3886894800e-05 0.0
0.0095 7.1173954302e-05 0.0
0.0100 7.8852986855e-05 0.0
0.0105 8.6923689305e-05 0.0
0.0110 9.5385743033e-05 0.0
0.0115 1.0423881397e-04 0.0
0.0120 1.1348255262e-04 0.0
0.0125 1.2311659405e-04 0.0
0.0130 1.3314055792e-04 0.0
0.0135 1.4355404851e-04 0.0
0.0140 1.5435665471e-04 0.0
0.0145 1.6554795005e-04 0.0
0.0150 1.7712749271e-04 0.0
0.0155 1.8909482557e-04 0.0
0.0160 2.0144947616e-04 0.0
0.0165 2.1419095675e-04 0.0
0.0170 2.2731876432e-04 0.0
0.0175 2.4083238061e-04 0.0
0.0180 2.5473127213e-04 0.0
0.0185 2.6901489018e-04 0.0
0.0190 2.8368267085e-04 0.0
0.0195 2.9873403510e-04 0.0
0.0200 3.1416838871e-04 0.0
0.0205 3.2998512238e-04 0.0
0.0210 3.4618361167e-04 0.0
0.0215 3.6276321710e-04 0.0
0.0220 3.7972328414e-04 0.0
0.0225 3.9706314323e-04 0.0
0.0230 4.1478210983e-04 0.0
0.0235 4.3287948441e-04 0.0
0.0240 4.5135455253e-04 0.0
0.0245 4.7020658483e-04 0.0
0.0250 4.8943483705e-04 0.0
0.0255 5.0903855010e-04 0.0
0.0260 5.2901695005e-04 0.0
0.0265 5.4936924820e-04 0.0
0.0270 5.7009464107e-04 0.0
0.0275 5.9119231046e-04 0.0
0.0280 6.1266142346e-04 0.0
0.0285 6.3450113252e-04 0.0
0.0290 6.5671057543e-04 0.0
0.0295 6.7928887542e-04 0.0
0.0300 7.0223514112e-04 0.0
0.0305 7.2554846665e-04 0.0
0.0310 7.4922793166e-04 0.0
0.0315 7.7327260130e-04 0.0
0.0320 7.9768152634e-04 0.0
0.0325 8.2245374316e-04 0.0
0.0330 8.4758827379e-04 0.0
0.0335 8.7308412596e-04 0.0
0.0340 8.9894029315e-04 0.0
0.0345 9.2515575459e-04 0.0
0.0350 9.5172947534e-04 0.0
0.0355 9.7866040632e-04 0.0
0.0360 1.0059474843e-03 0.0
0.0365 1.0335896321e-03 0.0
0.0370 1.0615857585e-03 0.0
0.0375 1.0899347581e-03 0.0
0.0380 1.1186355119e-03 0.0
0.0385 1.1476868867e-03 0.0
0.0390 1.1770877357e-03 0.0
0.0395 1.2068368981e-03 0.0
0.0400 1.2369331996e-03 0.0
0.0405 1.2673754519e-03 0.0
0.0410 1.2981624533e-03 0.0
0.0415 1.3292929884e-03 0.0
0.0420 1.3607658281e-03 0.0
0.0425 1.3925797300e-03 0.0
0.0430 1.4247334381e-03 0.0
0.0435 1.4572256830e-03 0.0
0.0440 1.4900551821e-03 0.0
0.0445 1.5232206391e-03 0.0
0.0450 1.5567207450e-03 0.0
0.0455 1.5905541770e-03 0.0
0.0460 1.6247195996e-03 0.0
0.0465 1.6592156639e-03 0.0
0.0470 1.6940410080e-03 0.0
0.0475 1.7291942573e-03 0.0
0.0480 1.7646740237e-03 0.0
0.0485 1.8004789067e-03 0.0
0.0490 1.8366074928e-03 0.0
0.0495 1.8730583557e-03 0.0
0.0500 1.9098300563e-03 0.0
0.0505 1.9469211429e-03 0.0
0.0510 1.9843301513e-03 0.0
0.0515 2.0220556046e-03 0.0
0.0520 2.0600960135e-03 0.0
0.0525 2.0984498762e-03 0.0
0.0530 2.1371156786e-03 0.0
0.0535 2.1760918942e-03 0.0
0.0540 2.2153769843e-03 0.0
0.0545 2.2549693980e-03 0.0
0.0550 2.2948675722e-03 0.0
0.0555 2.3350699319e-03 0.0
0.0560 2.3755748899e-03 0.0
0.0565 2.4163808471e-03 0.0
0.0570 2.4574861926e-03 0.0
0.0575 2.4988893037e-03 0.0
0.0580 2.5405885458e-03 0.0
0.0585 2.5825822726e-03 0.0
0.0590 2.6248688264e-03 0.0
0.0595 2.6674465378e-03 0.0
0.0600 2.7103137258e-03 0.0
0.0605 2.7534686981e-03 0.0
0.0610 2.7969097511e-03 0.0
0.0615 2.8406351698e-03 0.0
0.0620 2.8846432279e-03 0.0
0.0625 2.9289321881e-03 0.0
0.0630 2.9735003020e-03 0.0
0.0635 3.0183458101e-03 0.0
0.0640 3.0634669419e-03 0.0
0.0645 3.1088619161e-03 0.0
0.0650 3.1545289407e-03 0.0
0.0655 3.2004662128e-03 0.0
0.0660 3.2466719188e-03 0.0
0.0665 3.2931442346e-03 0.0
0.0670 3.3398813257e-03 0.0
0.0675 3.3868813468e-03 0.0
0.0680 3.4341424425e-03 0.0
0.0685 3.4816627470e-03 0.0
0.0690 3.5294403843e-03 0.0
0.0695 3.5774734682e-03 0.0
0.0700 3.6257601025e-03 0.0
0.0705 3.6742983809e-03 0.0
0.0710 3.7230863871e-03 0.0
0.0715 3.7721221951e-03 0.0
0.0720 3.8214038691e-03 0.0
0.0725 3.8709294635e-03 0.0
0.0730 3.9206970231e-03 0.0
0.0735 3.9707045831e-03 0.0
0.0740 4.0209501694e-03 0.0
0.0745 4.0714317984e-03 0.0
0.0750 4.1221474771e-03 0.0
0.0755 4.1730952033e-03 0.0
0.0760 4.2242729658e-03 0.0
0.0765 4.2756787441e-03 0.0
0.0770 4.3273105087e-03 0.0
0.0775 4.3791662215e-03 0.0
0.0780 4.4312438351e-03 0.0
0.0785 4.4835412937e-03 0.0
0.0790 4.5360565327e-03 0.0
0.0795 4.5887874787e-03 0.0
0.0800 4.6417320502e-03 0.0
0.0805 4.6948881569e-03 0.0
0.0810 4.7482537004e-03 0.0
0.0815 4.8018265738e-03 0.0
0.0820 4.8556046622e-03 0.0
0.0825 4.9095858425e-03 0.0
0.0830 4.9637679836e-03 0.0
0.0835 5.0181489466e-03 0.0
0.0840 5.0727265845e-03 0.0
0.0845 5.1274987427e-03 0.0
0.0850 5.1824632590e-03 0.0
0.0855 5.2376179633e-03 0.0
0.0860 5.2929606783e-03 0.0
0.0865 5.3484892192e-03 0.0
0.0870 5.4042013938e-03 0.0
0.0875 5.4600950026e-03 0.0
0.0880 5.5161678391e-03 0.0
0.0885 5.5724176896e-03 0.0
0.0890 5.6288423335e-03 0.0
0.0895 5.6854395432e-03 0.0
0.0900 5.7422070843e-03 0.0
0.0905 5.7991427159e-03 0.0
0.0910 5.8562441901e-03 0.0
0.0915 5.9135092526e-03 0.0
0.0920 5.9709356429e-03 0.0
0.0925 6.0285210937e-03 0.0
0.0930 6.0862633316e-03 0.0
0.0935 6.1441600772e-03 0.0
0.0940 6.2022090448e-03 0.0
0.0945 6.2604079426e-03 0.0
0.0950 6.3187544732e-03 0.0
0.0955 6.3772463330e-03 0.0
0.0960 6.4358812129e-03 0.0
0.0965 6.4946567981e-03 0.0
0.0970 6.5535707683e-03 0.0
0.0975 6.6126207975e-03 0.0
0.0980 6.6718045548e-03 0.0
0.0985 6.7311197035e-03 0.0
0.0990 6.7905639019e-03 0.0
0.0995 6.8501348034e-03 0.0
0.1000 6.9098300563e-03 0.0
0.1005 6.9696473037e-03 0.0
0.1010 7.0295841842e-03 0.0
0.1015 7.0896383317e-03 0.0
0.1020 7.1498073753e-03 0.0
0.1025 7.2100889396e-03 0.0
0.1030 7.2704806448e-03 0.0
0.1035 7.3309801068e-03 0.0
0.1040 7.3915849371e-03 0.0
0.1045 7.4522927432e-03 0.0
0.1050 7.5131011284e-03 0.0
0.1055 7.5740076920e-03 0.0
0.1060 7.6350100298e-03 0.0
0.1065 7.6961057332e-03 0.0
0.1070 7.7572923905e-03 0.0
0.1075 7.8185675860e-03 0.0
0.1080 7.8799289008e-03 0.0
0.1085 7.9413739123e-03 0.0
0.1090 8.0029001949e-03 0.0
0.1095 8.0645053195e-03 0.0
0.1100 8.1261868541e-03 0.0
0.1105 8.1879423637e-03 0.0
0.1110 8.2497694102e-03 0.0
0.1115 8.3116655529e-03 0.0
0.1120 8.3736283481e-03 0.0
0.1125 8.4356553496e-03 0.0
0.1130 8.4977441088e-03 0.0
0.1135 8.5598921745e-03 0.0
0.1140 8.6220970932e-03 0.0
0.1145 8.6843564091e-03 0.0
0.1150 8.7466676644e-03 0.0
0.1155 8.8090283991e-03 0.0
0.1160 8.8714361513e-03 0.0
0.1165 8.9338884572e-03 0.0
0.1170 8.9963828515e-03 0.0
0.1175 9.0589168668e-03 0.0
0.1180 9.1214880345e-03 0.0
0.1185 9.1840938843e-03 0.0
0.1190 9.2467319447e-03 0.0
0.1195 9.3093997429e-03 0.0
0.1200 9.3720948047e-03 0.0
0.1205 9.4348146552e-03 0.0
0.1210 9.4975568182e-03 0.0
0.1215 9.5603188168e-03 0.0
0.1220 9.6230981733e-03 0.0
0.1225 9.6858924092e-03 0.0
0.1230 9.7486990456e-03 0.0
0.1235 9.8115156028e-03 0.0
0.1240 9.8743396012e-03 0.0
0.1245 9.9371685603e-03 0.0
0.1250 1.0000000000e-02 0.0
0.1255 1.0062831440e-02 0.0
0.1260 1.0125660399e-02 0.0
0.1265 1.0188484397e-02 0.0
0.1270 1.0251300954e-02 0.0
0.1275 1.0314107591e-02 0.0
0.1280 1.0376901827e-02 0.0
0.1285 1.0439681183e-02 0.0
0.1290 1.0502443182e-02 0.0
0.1295 1.0565185345e-02 0.0
0.1300 1.0627905195e-02 0.0
0.1305 1.0690600257e-02 0.0
0.1310 1.0753268055e-02 0.0
0.1315 1.0815906116e-02 0.0
0.1320 1.0878511966e-02 0.0
0.1325 1.0941083133e-02 0.0
0.1330 1.1003617149e-02 0.0
0.1335 1.1066111543e-02 0.0
0.1340 1.1128563849e-02 0.0
0.1345 1.1190971601e-02 0.0
0.1350 1.1253332336e-02 0.0
0.1355 1.1315643591e-02 0.0
0.1360 1.1377902907e-02 0.0
0.1365 1.1440107826e-02 0.0
0.1370 1.1502255891e-02 0.0
0.1375 1.1564344650e-02 0.0
0.1380 1.1626371652e-02 0.0
0.1385 1.1688334447e-02 0.0
0.1390 1.1750230590e-02 0.0
0.1395 1.1812057636e-02 0.0
0.1400 1.1873813146e-02 0.0
0.1405 1.1935494681e-02 0.0
0.1410 1.1997099805e-02 0.0
0.1415 1.2058626088e-02 0.0
0.1420 1.2120071099e-02 0.0
0.1425 1.2181432414e-02 0.0
0.1430 1.2242707609e-02 0.0
0.1435 1.2303894267e-02 0.0
0.1440 1.2364989970e-02 0.0
0.1445 1.2425992308e-02 0.0
0.1450 1.2486898872e-02 0.0
0.1455 1.2547707257e-02 0.0
0.1460 1.2608415063e-02 0.0
0.1465 1.2669019893e-02 0.0
0.1470 1.2729519355e-02 0.0
0.1475 1.2789911060e-02 0.0
0.1480 1.2850192625e-02 0.0
0.1485 1.2910361668e-02 0.0
0.1490 1.2970415816e-02 0.0
0.1495 1.3030352696e-02 0.0
0.1500 1.3090169944e-02 0.0
0.1505 1.3149865197e-02 0.0
0.1510 1.3209436098e-02 0.0
0.1515 1.3268880297e-02 0.0
0.1520 1.3328195445e-02 0.0
0.1525 1.3387379202e-02 0.0
0.1530 1.3446429232e-02 0.0
0.1535 1.3505343202e-02 0.0
0.1540 1.3564118787e-02 0.0
0.1545 1.3622753667e-02 0.0
0.1550 1.3681245527e-02 0.0
0.1555 1.3739592057e-02 0.0
0.1560 1.3797790955e-02 0.0
0.1565 1.3855839923e-02 0.0
0.1570 1.3913736668e-02 0.0
0.1575 1.3971478906e-02 0.0
0.1580 1.4029064357e-02 0.0
0.1585 1.4086490747e-02 0.0
0.1590 1.4143755810e-02 0.0
0.1595 1.4200857284e-02 0.0
0.1600 1.4257792916e-02 0.0
0.1605 1.4314560457e-02 0.0
0.1610 1.4371157667e-02 0.0
0.1615 1.4427582310e-02 0.0
0.1620 1.4483832161e-02 0.0
0.1625 1.4539904997e-02 0.0
0.1630 1.4595798606e-02 0.0
0.1635 1.4651510781e-02 0.0
0.1640 1.4707039322e-02 0.0
0.1645 1.4762382037e-02 0.0
0.1650 1.4817536741e-02 0.0
0.1655 1.4872501257e-02 0.0
0.1660 1.4927273415e-02 0.0
0.1665 1.4981851053e-02 0.0
0.1670 1.5036232016e-02 0.0
0.1675 1.5090414158e-02 0.0
0.1680 1.5144395338e-02 0.0
0.1685 1.5198173426e-02 0.0
0.1690 1.5251746300e-02 0.0
0.1695 1.5305111843e-02 0.0
0.1700 1.5358267950e-02 0.0
0.1705 1.5411212521e-02 0.0
0.1710 1.5463943467e-02 0.0
0.1715 1.5516458706e-02 0.0
0.1720 1.5568756165e-02 0.0
0.1725 1.5620833779e-02 0.0
0.1730 1.5672689491e-02 0.0
0.1735 1.5724321256e-02 0.0
0.1740 1.5775727034e-02 0.0
0.1745 1.5826904797e-02 0.0
0.1750 1.5877852523e-02 0.0
0.1755 1.5928568202e-02 0.0
0.1760 1.5979049831e-02 0.0
0.1765 1.6029295417e-02 0.0
0.1770 1.6079302977e-02 0.0
0.1775 1.6129070537e-02 0.0
0.1780 1.6178596131e-02 0.0
0.1785 1.6227877805e-02 0.0
0.1790 1.6276913613e-02 0.0
0.1795 1.6325701619e-02 0.0
0.1800 1.6374239897e-02 0.0
0.1805 1.6422526532e-02 0.0
0.1810 1.6470559616e-02 0.0
0.1815 1.6518337253e-02 0.0
0.1820 1.6565857558e-02 0.0
0.1825 1.6613118653e-02 0.0
0.1830 1.6660118674e-02 0.0
0.1835 1.6706855765e-02 0.0
0.1840 1.6753328081e-02 0.0
0.1845 1.6799533787e-02 0.0
0.1850 1.6845471059e-02 0.0
0.1855 1.6891138084e-02 0.0
0.1860 1.6936533058e-02 0.0
0.1865 1.6981654190e-02 0.0
0.1870 1.7026499698e-02 0.0
0.1875 1.7071067812e-02 0.0
0.1880 1.7115356772e-02 0.0
0.1885 1.7159364830e-02 0.0
0.1890 1.7203090249e-02 0.0
0.1895 1.7246531302e-02 0.0
0.1900 1.7289686274e-02 0.0
0.1905 1.7332553462e-02 0.0
0.1910 1.7375131174e-02 0.0
0.1915 1.7417417727e-02 0.0
0.1920 1.7459411454e-02 0.0
0.1925 1.7501110696e-02 0.0
0.1930 1.7542513807e-02 0.0
0.1935 1.7583619153e-02 0.0
0.1940 1.7624425110e-02 0.0
0.1945 1.7664930068e-02 0.0
0.1950 1.7705132428e-02 0.0
0.1955 1.7745030602e-02 0.0
0.1960 1.7784623016e-02 0.0
0.1965 1.7823908106e-02 0.0
0.1970 1.7862884321e-02 0.0
0.1975 1.7901550124e-02 0.0
0.1980 1.7939903986e-02 0.0
0.1985 1.7977944395e-02 0.0
0.1990 1.8015669849e-02 0.0
0.1995 1.8053078857e-02 0.0
0.2000 1.8090169944e-02 0.0
0.2005 1.8126941644e-02 0.0
0.2010 1.8163392507e-02 0.0
0.2015 1.8199521093e-02 0.0
0.2020 1.8235325976e-02 0.0
0.2025 1.8270805743e-02 0.0
0.2030 1.8305958992e-02 0.0
0.2035 1.8340784336e-02 0.0
0.2040 1.8375280400e-02 0.0
0.2045 1.8409445823e-02 0.0
0.2050 1.8443279255e-02 0.0
0.2055 1.8476779361e-02 0.0
0.2060 1.8509944818e-02 0.0
0.2065 1.8542774317e-02 0.0
0.2070 1.8575266562e-02 0.0
0.2075 1.8607420270e-02 0.0
0.2080 1.8639234172e-02 0.0
0.2085 1.8670707012e-02 0.0
0.2090 1.8701837547e-02 0.0
0.2095 1.8732624548e-02 0.0
0.2100 1.8763066800e-02 0.0
0.2105 1.8793163102e-02 0.0
0.2110 1.8822912264e-02 0.0
0.2115 1.8852313113e-02 0.0
0.2120 1.8881364488e-02 0.0
0.2125 1.8910065242e-02 0.0
0.2130 1.8938414242e-02 0.0
0.2135 1.8966410368e-02 0.0
0.2140 1.8994052516e-02 0.0
0.2145 1.9021339594e-02 0.0
0.2150 1.9048270525e-02 0.0
0.2155 1.9074844245e-02 0.0
0.2160 1.9101059707e-02 0.0
0.2165 1.9126915874e-02 0.0
0.2170 1.9152411726e-02 0.0
0.2175 1.9177546257e-02 0.0
0.2180 1.9202318474e-02 0.0
0.2185 1.9226727399e-02 0.0
0.2190 1.9250772068e-02 0.0
0.2195 1.9274451533e-02 0.0
0.2200 1.9297764859e-02 0.0
0.2205 1.9320711125e-02 0.0
0.2210 1.9343289425e-02 0.0
0.2215 1.9365498867e-02 0.0
0.2220 1.9387338577e-02 0.0
0.2225 1.9408807690e-02 0.0
0.2230 1.9429905359e-02 0.0
0.2235 1.9450630752e-02 0.0
0.2240 1.9470983050e-02 0.0
0.2245 1.9490961450e-02 0.0
0.2250 1.9510565163e-02 0.0
0.2255 1.9529793415e-02 0.0
0.2260 1.9548645447e-02 0.0
0.2265 1.9567120516e-02 0.0
0.2270 1.9585217890e-02 0.0
0.2275 1.9602936857e-02 0.0
0.2280 1.9620276716e-02 0.0
0.2285 1.9637236783e-02 0.0
0.2290 1.9653816388e-02 0.0
0.2295 1.9670014878e-02 0.0
0.2300 1.9685831611e-02 0.0
0.2305 1.9701265965e-02 0.0
0.2310 1.9716317329e-02 0.0
0.2315 1.9730985110e-02 0.0
0.2320 1.9745268728e-02 0.0
0.2325 1.9759167619e-02 0.0
0.2330 1.9772681236e-02 0.0
0.2335 1.9785809043e-02 0.0
0.2340 1.9798550524e-02 0.0
0.2345 1.9810905174e-02 0.0
0.2350 1.9822872507e-02 0.0
0.2355 1.9834452050e-02 0.0
0.2360 1.9845643345e-02 0.0
0.2365 1.9856445951e-02 0.0
0.2370 1.9866859442e-02 0.0
0.2375 1.9876883406e-02 0.0
0.2380 1.9886517447e-02 0.0
0.2385 1.9895761186e-02 0.0
0.2390 1.9904614257e-02 0.0
0.2395 1.9913076311e-02 0.0
0.2400 1.9921147013e-02 0.0
0.2405 1.9928826046e-02 0.0
0.2410 1.9936113105e-02 0.0
0.2415 1.9943007904e-02 0.0
0.2420 1.9949510170e-02 0.0
0.2425 1.9955619646e-02 0.0
0.2430 1.9961336091e-02 0.0
0.2435 1.9966659280e-02 0.0
0.2440 1.9971589003e-02 0.0
0.2445 1.9976125064e-02 0.0
0.2450 1.9980267284e-02 0.0
0.2455 1.9984015501e-02 0.0
0.2460 1.9987369566e-02 0.0
0.2465 1.9990329347e-02 0.0
0.2470 1.9992894726e-02 0.0
0.2475 1.9995065604e-02 0.0
0.2480 1.9996841893e-02 0.0
0.2485 1.9998223524e-02 0.0
0.2490 1.9999210442e-02 0.0
0.2495 1.9999802609e-02 0.0
0.2500 2.0000000000e-02 0.0
0.2505 1.9999802609e-02 0.0
0.2510 1.9999210442e-02 0.0
0.2515 1.9998223524e-02 0.0
0.2520 1.9996841893e-02 0.0
0.2525 1.9995065604e-02 0.0
0.2530 1.9992894726e-02 0.0
0.2535 1.9990329347e-02 0.0
0.2540 1.9987369566e-02 0.0
0.2545 1.9984015501e-02 0.0
0.2550 1.9980267284e-02 0.0
0.2555 1.9976125064e-02 0.0
0.2560 1.9971589003e-02 0.0
0.2565 1.9966659280e-02 0.0
0.2570 1.9961336091e-02 0.0
0.2575 1.9955619646e-02 0.0
0.2580 1.9949510170e-02 0.0
0.2585 1.9943007904e-02 0.0
0.2590 1.9936113105e-02 0.0
0.2595 1.9928826046e-02 0.0
0.2600 1.9921147013e-02 0.0
0.2605 1.9913076311e-02 0.0
0.2610 1.9904614257e-02 0.0
0.2615 1.9895761186e-02 0.0
0.2620 1.9886517447e-02 0.0
0.2625 1.9876883406e-02 0.0
0.2630 1.9866859442e-02 0.0
0.2635 1.9856445951e-02 0.0
0.2640 1.9845643345e-02 0.0
0.2645 1.9834452050e-02 0.0
0.2650 1.9822872507e-02 0.0
0.2655 1.9810905174e-02 0.0
0.2660 1.9798550524e-02 0.0
0.2665 1.9785809043e-02 0.0
0.2670 1.9772681236e-02 0.0
0.2675 1.9759167619e-02 0.0
0.2680 1.9745268728e-02 0.0
0.2685 1.9730985110e-02 0.0
0.2690 1.9716317329e-02 0.0
0.2695 1.9701265965e-02 0.0
0.2700 1.9685831611e-02 0.0
0.2705 1.9670014878e-02 0.0
0.2710 1.9653816388e-02 0.0
0.2715 1.9637236783e-02 0.0
0.2720 1.9620276716e-02 0.0
0.2725 1.9602936857e-02 0.0
0.2730 1.9585217890e-02 0.0
0.2735 1.9567120516e-02 0.0
0.2740 1.9548645447e-02 0.0
0.2745 1.9529793415e-02 0.0
0.2750 1.9510565163e-02 0.0
0.2755 1.9490961450e-02 0.0
0.2760 1.9470983050e-02 0.0
0.2765 1.9450630752e-02 0.0
0.2770 1.9429905359e-02 0.0
0.2775 1.9408807690e-02 0.0
0.2780 1.9387338577e-02 0.0
0.2785 1.9365498867e-02 0.0
0.2790 1.9343289425e-02 0.0
0.2795 1.9320711125e-02 0.0
0.2800 1.9297764859e-02 0.0
0.2805 1.9274451533e-02 0.0
0.2810 1.9250772068e-02 0.0
0.2815 1.9226727399e-02 0.0
0.2820 1.9202318474e-02 0.0
0.2825 1.9177546257e-02 0.0
0.2830 1.9152411726e-02 0.0
0.2835 1.9126915874e-02 0.0
0.2840 1.9101059707e-02 0.0
0.2845 1.9074844245e-02 0.0
0.2850 1.9048270525e-02 0.0
0.2855 1.9021339594e-02 0.0
0.2860 1.8994052516e-02 0.0
0.2865 1.8966410368e-02 0.0
0.2870 1.8938414242e-02 0.0
0.2875 1.8910065242e-02 0.0
0.2880 1.8881364488e-02 0.0
0.2885 1.8852313113e-02 0.0
0.2890 1.8822912264e-02 0.0
0.2895 1.8793163102e-02 0.0
0.2900 1.8763066800e-02 0.0
0.2905 1.8732624548e-02 0.0
0.2910 1.8701837547e-02 0.0
0.2915 1.8670707012e-02 0.0
0.2920 1.8639234172e-02 0.0
0.2925 1.8607420270e-02 0.0
0.2930 1.8575266562e-02 0.0
0.2935 1.8542774317e-02 0.0
0.2940 1.8509944818e-02 0.0
0.2945 1.8476779361e-02 0.0
0.2950 1.8443279255e-02 0.0
0.2955 1.8409445823e-02 0.0
0.2960 1.8375280400e-02 0.0
0.2965 1.8340784336e-02 0.0
0.2970 1.8305958992e-02 0.0
0.2975 1.8270805743e-02 0.0
0.2980 1.8235325976e-02 0.0
0.2985 1.8199521093e-02 0.0
0.2990 1.8163392507e-02 0.0
0.2995 1.8126941644e-02 0.0
0.3000 1.8090169944e-02 0.0
0.3005 1.8053078857e-02 0.0
0.3010 1.8015669849e-02 0.0
0.3015 1.7977944395e-02 0.0
0.3020 1.7939903986e-02 0.0
0.3025 1.7901550124e-02 0.0
0.3030 1.7862884321e-02 0.0
0.3035 1.7823908106e-02 0.0
0.3040 1.7784623016e-02 0.0
0.3045 1.7745030602e-02 0.0
0.3050 1.7705132428e-02 0.0
0.3055 1.7664930068e-02 0.0
0.3060 1.7624425110e-02 0.0
0.3065 1.7583619153e-02 0.0
0.3070 1.7542513807e-02 0.0
0.3075 1.7501110696e-02 0.0
0.3080 1.7459411454e-02 0.0
0.3085 1.7417417727e-02 0.0
0.3090 1.7375131174e-02 0.0
0.3095 1.7332553462e-02 0.0
0.3100 1.7289686274e-02 0.0
0.3105 1.7246531302e-02 0.0
0.3110 1.7203090249e-02 0.0
0.3115 1.7159364830e-02 0.0
0.3120 1.7115356772e-02 0.0
0.3125 1.7071067812e-02 0.0
0.3130 1.7026499698e-02 0.0
0.3135 1.6981654190e-02 0.0
0.3140 1.6936533058e-02 0.0
0.3145 1.6891138084e-02 0.0
0.3150 1.6845471059e-02 0.0
0.3155 1.6799533787e-02 0.0
0.3160 1.6753328081e-02 0.0
0.3165 1.6706855765e-02 0.0
0.3170 1.6660118674e-02 0.0
0.3175 1.6613118653e-02 0.0
0.3180 1.6565857558e-02 0.0
0.3185 1.6518337253e-02 0.0
0.3190 1.6470559616e-02 0.0
0.3195 1.6422526532e-02 0.0
0.3200 1.6374239897e-02 0.0
0.3205 1.6325701619e-02 0.0
0.3210 1.6276913613e-02 0.0
0.3215 1.6227877805e-02 0.0
0.3220 1.6178596131e-02 0.0
0.3225 1.6129070537e-02 0.0
0.3230 1.6079302977e-02 0.0
0.3235 1.6029295417e-02 0.0
0.3240 1.5979049831e-02 0.0
0.3245 1.5928568202e-02 0.0
0.3250 1.5877852523e-02 0.0
0.3255 1.5826904797e-02 0.0
0.3260 1.5775727034e-02 0.0
0.3265 1.5724321256e-02 0.0
0.3270 1.5672689491e-02 0.0
0.3275 1.5620833779e-02 0.0
0.3280 1.5568756165e-02 0.0
0.3285 1.5516458706e-02 0.0
0.3290 1.5463943467e-02 0.0
0.3295 1.5411212521e-02 0.0
0.3300 1.5358267950e-02 0.0
0.3305 1.5305111843e-02 0.0
0.3310 1.5251746300e-02 0.0
0.3315 1.5198173426e-02 0.0
0.3320 1.5144395338e-02 0.0
0.3325 1.5090414158e-02 0.0
0.3330 1.5036232016e-02 0.0
0.3335 1.4981851053e-02 0.0
0.3340 1.4927273415e-02 0.0
0.3345 1.4872501257e-02 0.0
0.3350 1.4817536741e-02 0.0
0.3355 1.4762382037e-02 0.0
0.3360 1.4707039322e-02 0.0
0.3365 1.4651510781e-02 0.0
0.3370 1.4595798606e-02 0.0
0.3375 1.4539904997e-02 0.0
0.3380 1.4483832161e-02 0.0
0.3385 1.4427582310e-02 0.0
0.3390 1.4371157667e-02 0.0
0.3395 1.4314560457e-02 0.0
0.3400 1.4257792916e-02 0.0
0.3405 1.4200857284e-02 0.0
0.3410 1.4143755810e-02 0.0
0.3415 1.4086490747e-02 0.0
0.3420 1.4029064357e-02 0.0
0.3425 1.3971478906e-02 0.0
0.3430 1.3913736668e-02 0.0
0.3435 1.3855839923e-02 0.0
0.3440 1.3797790955e-02 0.0
0.3445 1.3739592057e-02 0.0
0.3450 1.3681245527e-02 0.0
0.3455 1.3622753667e-02 0.0
0.3460 1.3564118787e-02 0.0
0.3465 1.3505343202e-02 0.0
0.3470 1.3446429232e-02 0.0
0.3475 1.3387379202e-02 0.0
0.3480 1.3328195445e-02 0.0
0.3485 1.3268880297e-02 0.0
0.3490 1.3209436098e-02 0.0
0.3495 1.3149865197e-02 0.0
0.3500 1.3090169944e-02 0.0
0.3505 1.3030352696e-02 0.0
0.3510 1.2970415816e-02 0.0
0.3515 1.2910361668e-02 0.0
0.3520 1.2850192625e-02 0.0
0.3525 1.2789911060e-02 0.0
0.3530 1.2729519355e-02 0.0
0.3535 1.2669019893e-02 0.0
0.3540 1.2608415063e-02 0.0
0.3545 1.2547707257e-02 0.0
0.3550 1.2486898872e-02 0.0
0.3555 1.2425992308e-02 0.0
0.3560 1.2364989970e-02 0.0
0.3565 1.2303894267e-02 0.0
0.3570 1.2242707609e-02 0.0
0.3575 1.2181432414e-02 0.0
0.3580 1.2120071099e-02 0.0
0.3585 1.2058626088e-02 0.0
0.3590 1.1997099805e-02 0.0
0.3595 1.1935494681e-02 0.0
0.3600 1.1873813146e-02 0.0
0.3605 1.1812057636e-02 0.0
0.3610 1.1750230590e-02 0.0
0.3615 1.1688334447e-02 0.0
0.3620 1.1626371652e-02 0.0
0.3625 1.1564344650e-02 0.0
0.3630 1.1502255891e-02 0.0
0.3635 1.1440107826e-02 0.0
0.3640 1.1377902907e-02 0.0
0.3645 1.1315643591e-02 0.0
0.3650 1.1253332336e-02 0.0
0.3655 1.1190971601e-02 0.0
0.3660 1.1128563849e-02 0.0
0.3665 1.1066111543e-02 0.0
0.3670 1.1003617149e-02 0.0
0.3675 1.0941083133e-02 0.0
0.3680 1.0878511966e-02 0.0
0.3685 1.0815906116e-02 0.0
0.3690 1.0753268055e-02 0.0
0.3695 1.0690600257e-02 0.0
0.3700 1.0627905195e-02 0.0
0.3705 1.0565185345e-02 0.0
0.3710 1.0502443182e-02 0.0
0.3715 1.0439681183e-02 0.0
0.3720 1.0376901827e-02 0.0
0.3725 1.0314107591e-02 0.0
0.3730 1.0251300954e-02 0.0
0.3735 1.0188484397e-02 0.0
0.3740 1.0125660399e-02 0.0
0.3745 1.0062831440e-02 0.0
0.3750 1.0000000000e-02 0.0
0.3755 9.9371685603e-03 0.0
0.3760 9.8743396012e-03 0.0
0.3765 9.8115156028e-03 0.0
0.3770 9.7486990456e-03 0.0
0.3775 9.6858924092e-03 0.0
0.3780 9.6230981733e-03 0.0
0.3785 9.5603188168e-03 0.0
0.3790 9.4975568182e-03 0.0
0.3795 9.4348146552e-03 0.0
0.3800 9.3720948047e-03 0.0
0.3805 9.3093997429e-03 0.0
0.3810 9.2467319447e-03 0.0
0.3815 9.1840938843e-03 0.0
0.3820 9.1214880345e-03 0.0
0.3825 9.0589168668e-03 0.0
0.3830 8.9963828515e-03 0.0
0.3835 8.9338884572e-03 0.0
0.3840 8.8714361513e-03 0.0
0.3845 8.8090283991e-03 0.0
0.3850 8.7466676644e-03 0.0
0.3855 8.6843564091e-03 0.0
0.3860 8.6220970932e-03 0.0
0.3865 8.5598921745e-03 0.0
0.3870 8.4977441088e-03 0.0
0.3875 8.4356553496e-03 0.0
0.3880 8.3736283481e-03 0.0
0.3885 8.3116655529e-03 0.0
0.3890 8.2497694102e-03 0.0
0.3895 8.1879423637e-03 0.0
0.3900 8.1261868541e-03 0.0
0.3905 8.0645053195e-03 0.0
0.3910 8.0029001949e-03 0.0
0.3915 7.9413739123e-03 0.0
0.3920 7.8799289008e-03 0.0
0.3925 7.8185675860e-03 0.0
0.3930 7.7572923905e-03 0.0
0.3935 7.6961057332e-03 0.0
0.3940 7.6350100298e-03 0.0
0.3945 7.5740076920e-03 0.0
0.3950 7.5131011284e-03 0.0
0.3955 7.4522927432e-03 0.0
0.3960 7.3915849371e-03 0.0
0.3965 7.3309801068e-03 0.0
0.3970 7.2704806448e-03 0.0
0.3975 7.2100889396e-03 0.0
0.3980 7.1498073753e-03 0.0
0.3985 7.0896383317e-03 0.0
0.3990 7.0295841842e-03 0.0
0.3995 6.9696473037e-03 0.0
0.4000 6.9098300563e-03 0.0
0.4005 6.8501348034e-03 0.0
0.4010 6.7905639019e-03 0.0
0.4015 6.7311197035e-03 0.0
0.4020 6.6718045548e-03 0.0
0.4025 6.6126207975e-03 0.0
0.4030 6.5535707683e-03 0.0
0.4035 6.4946567981e-03 0.0
0.4040 6.4358812129e-03 0.0
0.4045 6.3772463330e-03 0.0
0.4050 6.3187544732e-03 0.0
0.4055 6.2604079426e-03 0.0
0.4060 6.2022090448e-03 0.0
0.4065 6.1441600772e-03 0.0
0.4070 6.0862633316e-03 0.0
0.4075 6.0285210937e-03 0.0
0.4080 5.9709356429e-03 0.0
0.4085 5.9135092526e-03 0.0
0.4090 5.8562441901e-03 0.0
0.4095 5.7991427159e-03 0.0
0.4100 5.7422070843e-03 0.0
0.4105 5.6854395432e-03 0.0
0.4110 5.6288423335e-03 0.0
0.4115 5.5724176896e-03 0.0
0.4120 5.5161678391e-03 0.0
0.4125 5.4600950026e-03 0.0
0.4130 5.4042013938e-03 0.0
0.4135 5.3484892192e-03 0.0
0.4140 5.2929606783e-03 0.0
0.4145 5.2376179633e-03 0.0
0.4150 5.1824632590e-03 0.0
0.4155 5.1274987427e-03 0.0
0.4160 5.0727265845e-03 0.0
0.4165 5.0181489466e-03 0.0
0.4170 4.9637679836e-03 0.0
0.4175 4.9095858425e-03 0.0
0.4180 4.8556046622e-03 0.0
0.4185 4.8018265738e-03 0.0
0.4190 4.7482537004e-03 0.0
0.4195 4.6948881569e-03 0.0
0.4200 4.6417320502e-03 0.0
0.4205 4.5887874787e-03 0.0
0.4210 4.5360565327e-03 0.0
0.4215 4.4835412937e-03 0.0
0.4220 4.4312438351e-03 0.0
0.4225 4.3791662215e-03 0.0
0.4230 4.3273105087e-03 0.0
0.4235 4.2756787441e-03 0.0
0.4240 4.2242729658e-03 0.0
0.4245 4.1730952033e-03 0.0
0.4250 4.1221474771e-03 0.0
0.4255 4.0714317984e-03 0.0
0.4260 4.0209501694e-03 0.0
0.4265 3.9707045831e-03 0.0
0.4270 3.9206970231e-03 0.0
0.4275 3.8709294635e-03 0.0
0.4280 3.8214038691e-03 0.0
0.4285 3.7721221951e-03 0.0
0.4290 3.7230863871e-03 0.0
0.4295 3.6742983809e-03 0.0
0.4300 3.6257601025e-03 0.0
0.4305 3.5774734682e-03 0.0
0.4310 3.5294403843e-03 0.0
0.4315 3.4816627470e-03 0.0
0.4320 3.4341424425e-03 0.0
0.4325 3.3868813468e-03 0.0
0.4330 3.3398813257e-03 0.0
0.4335 3.2931442346e-03 0.0
0.4340 3.2466719188e-03 0.0
0.4345 3.2004662128e-03 0.0
0.4350 3.1545289407e-03 0.0
0.4355 3.1088619161e-03 0.0
0.4360 3.0634669419e-03 0.0
0.4365 3.0183458101e-03 0.0
0.4370 2.9735003020e-03 0.0
0.4375 2.9289321881e-03 0.0
0.4380 2.8846432279e-03 0.0
0.4385 2.8406351698e-03 0.0
0.4390 2.7969097511e-03 0.0
0.4395 2.7534686981e-03 0.0
0.4400 2.7103137258e-03 0.0
0.4405 2.6674465378e-03 0.0
0.4410 2.6248688264e-03 0.0
0.4415 2.5825822726e-03 0.0
0.4420 2.5405885458e-03 0.0
0.4425 2.4988893037e-03 0.0
0.4430 2.4574861926e-03 0.0
0.4435 2.4163808471e-03 0.0
0.4440 2.3755748899e-03 0.0
0.4445 2.3350699319e-03 0.0
0.4450 2.2948675722e-03 0.0
0.4455 2.2549693980e-03 0.0
0.4460 2.2153769843e-03 0.0
0.4465 2.1760918942e-03 0.0
0.4470 2.1371156786e-03 0.0
0.4475 2.0984498762e-03 0.0
0.4480 2.0600960135e-03 0.0
0.4485 2.0220556046e-03 0.0
0.4490 1.9843301513e-03 0.0
0.4495 1.9469211429e-03 0.0
0.4500 1.9098300563e-03 0.0
0.4505 1.8730583557e-03 0.0
0.4510 1.8366074928e-03 0.0
0.4515 1.8004789067e-03 0.0
0.4520 1.7646740237e-03 0.0
0.4525 1.7291942573e-03 0.0
0.4530 1.6940410080e-03 0.0
0.4535 1.6592156639e-03 0.0
0.4540 1.6247195996e-03 0.0
0.4545 1.5905541770e-03 0.0
0.4550 1.5567207450e-03 0.0
0.4555 1.5232206391e-03 0.0
0.4560 1.4900551821e-03 0.0
0.4565 1.4572256830e-03 0.0
0.4570 1.4247334381e-03 0.0
0.4575 1.3925797300e-03 0.0
0.4580 1.3607658281e-03 0.0
0.4585 1.3292929884e-03 0.0
0.4590 1.2981624533e-03 0.0
0.4595 1.2673754519e-03 0.0
0.4600 1.2369331996e-03 0.0
0.4605 1.2068368981e-03 0.0
0.4610 1.1770877357e-03 0.0
0.4615 1.1476868867e-03 0.0
0.4620 1.1186355119e-03 0.0
0.4625 1.0899347581e-03 0.0
0.4630 1.0615857585e-03 0.0
0.4635 1.0335896321e-03 0.0
0.4640 1.0059474843e-03 0.0
0.4645 9.7866040632e-04 0.0
0.4650 9.5172947534e-04 0.0
0.4655 9.2515575459e-04 0.0
0.4660 8.9894029315e-04 0.0
0.4665 8.7308412596e-04 0.0
0.4670 8.4758827379e-04 0.0
0.4675 8.2245374316e-04 0.0
0.4680 7.9768152634e-04 0.0
0.4685 7.7327260130e-04 0.0
0.4690 7.4922793166e-04 0.0
0.4695 7.2554846665e-04 0.0
0.4700 7.0223514112e-04 0.0
0.4705 6.7928887542e-04 0.0
0.4710 6.5671057543e-04 0.0
0.4715 6.3450113252e-04 0.0
0.4720 6.1266142346e-04 0.0
0.4725 5.9119231046e-04 0.0
0.4730 5.7009464107e-04 0.0
0.4735 5.4936924820e-04 0.0
0.4740 5.2901695005e-04 0.0
0.4745 5.0903855010e-04 0.0
0.4750 4.8943483705e-04 0.0
0.4755 4.7020658483e-04 0.0
0.4760 4.5135455253e-04 0.0
0.4765 4.3287948441e-04 0.0
0.4770 4.1478210983e-04 0.0
0.4775 3.9706314323e-04 0.0
0.4780 3.7972328414e-04 0.0
0.4785 3.6276321710e-04 0.0
0.4790 3.4618361167e-04 0.0
0.4795 3.2998512238e-04 0.0
0.4800 3.1416838871e-04 0.0
0.4805 2.9873403510e-04 0.0
0.4810 2.8368267085e-04 0.0
0.4815 2.6901489018e-04 0.0
0.4820 2.5473127213e-04 0.0
0.4825 2.4083238061e-04 0.0
0.4830 2.2731876432e-04 0.0
0.4835 2.1419095675e-04 0.0
0.4840 2.0144947616e-04 0.0
0.4845 1.8909482557e-04 0.0
0.4850 1.7712749271e-04 0.0
0.4855 1.6554795005e-04 0.0
0.4860 1.5435665471e-04 0.0
0.4865 1.4355404851e-04 0.0
0.4870 1.3314055792e-04 0.0
0.4875 1.2311659405e-04 0.0
0.4880 1.1348255262e-04 0.0
0.4885 1.0423881397e-04 0.0
0.4890 9.5385743033e-05 0.0
0.4895 8.6923689305e-05 0.0
0.4900 7.8852986855e-05 0.0
0.4905 7.1173954302e-05 0.0
0.4910 6.3886894800e-05 0.0
0.4915 5.6992096030e-05 0.0
0.4920 5.0489830187e-05 0.0
0.4925 4.4380353969e-05 0.0
0.4930 3.8663908568e-05 0.0
0.4935 3.3340719660e-05 0.0
0.4940 2.8410997394e-05 0.0
0.4945 2.3874936388e-05 0.0
0.4950 1.9732715717e-05 0.0
0.4955 1.5984498910e-05 0.0
0.4960 1.2630433940e-05 0.0
0.4965 9.6706532188e-06 0.0
0.4970 7.1052735941e-06 0.0
0.4975 4.9343963427e-06 0.0
0.4980 3.1581071670e-06 0.0
0.4985 1.7764761919e-06 0.0
0.4990 7.8955796184e-07 0.0
0.4995 1.9739143863e-07 0.0
0.5000 0.0000000000e+00 0.0
0.5005 1.9739143863e-07 0.0
0.5010 7.8955796184e-07 0.0
0.5015 1.7764761919e-06 0.0
0.5020 3.1581071670e-06 0.0
0.5025 4.9343963427e-06 0.0
0.5030 7.1052735941e-06 0.0
0.5035 9.6706532188e-06 0.0
0.5040 1.2630433940e-05 0.0
0.5045 1.5984498910e-05 0.0
0.5050 1.9732715717e-05 0.0
0.5055 2.3874936388e-05 0.0
0.5060 2.8410997394e-05 0.0
0.5065 3.3340719660e-05 0.0
0.5070 3.8663908568e-05 0.0
0.5075 4.4380353969e-05 0.0
0.5080 5.0489830187e-05 0.0
0.5085 5.6992096030e-05 0.0
0.5090 6.3886894800e-05 0.0
0.5095 7.1173954302e-05 0.0
0.5100 7.8852986855e-05 0.0
0.5105 8.6923689305e-05 0.0
0.5110 9.5385743033e-05 0.0
0.5115 1.0423881397e-04 0.0
0.5120 1.1348255262e-04 0.0
0.5125 1.2311659405e-04 0.0
0.5130 1.3314055792e-04 0.0
0.5135 1.4355404851e-04 0.0
0.5140 1.5435665471e-04 0.0
0.5145 1.6554795005e-04 0.0
0.5150 1.7712749271e-04 0.0
0.5155 1.8909482557e-04 0.0
0.5160 2.0144947616e-04 0.0
0.5165 2.1419095675e-04 0.0
0.5170 2.2731876432e-04 0.0
0.5175 2.4083238061e-04 0.0
0.5180 2.5473127213e-04 0.0
0.5185 2.6901489018e-04 0.0
0.5190 2.8368267085e-04 0.0
0.5195 2.9873403510e-04 0.0
0.5200 3.1416838871e-04 0.0
0.5205 3.2998512238e-04 0.0
0.5210 3.4618361167e-04 0.0
0.5215 3.6276321710e-04 0.0
0.5220 3.7972328414e-04 0.0
0.5225 3.9706314323e-04 0.0
0.5230 4.1478210983e-04 0.0
0.5235 4.3287948441e-04 0.0
0.5240 4.5135455253e-04 0.0
0.5245 4.7020658483e-04 0.0
0.5250 4.8943483705e-04 0.0
0.5255 5.0903855010e-04 0.0
0.5260 5.2901695005e-04 0.0
0.5265 5.4936924820e-04 0.0
0.5270 5.7009464107e-04 0.0
0.5275 5.9119231046e-04 0.0
0.5280 6.1266142346e-04 0.0
0.5285 6.3450113252e-04 0.0
0.5290 6.5671057543e-04 0.0
0.5295 6.7928887542e-04 0.0
0.5300 7.0223514112e-04 0.0
0.5305 7.2554846665e-04 0.0
0.5310 7.4922793166e-04 0.0
0.5315 7.7327260130e-04 0.0
0.5320 7.9768152634e-04 0.0
0.5325 8.2245374316e-04 0.0
0.5330 8.4758827379e-04 0.0
0.5335 8.7308412596e-04 0.0
0.5340 8.9894029315e-04 0.0
0.5345 9.2515575459e-04 0.0
0.5350 9.5172947534e-04 0.0
0.5355 9.7866040632e-04 0.0
0.5360 1.0059474843e-03 0.0
0.5365 1.0335896321e-03 0.0
0.5370 1.0615857585e-03 0.0
0.5375 1.0899347581e-03 0.0
0.5380 1.1186355119e-03 0.0
0.5385 1.1476868867e-03 0.0
0.5390 1.1770877357e-03 0.0
0.5395 1.2068368981e-03 0.0
0.5400 1.2369331996e-03 0.0
0.5405 1.2673754519e-03 0.0
0.5410 1.2981624533e-03 0.0
0.5415 1.3292929884e-03 0.0
0.5420 1.3607658281e-03 0.0
0.5425 1.3925797300e-03 0.0
0.5430 1.4247334381e-03 0.0
0.5435 1.4572256830e-03 0.0
0.5440 1.4900551821e-03 0.0
0.5445 1.5232206391e-03 0.0
0.5450 1.5567207450e-03 0.0
0.5455 1.5905541770e-03 0.0
0.5460 1.6247195996e-03 0.0
0.5465 1.6592156639e-03 0.0
0.5470 1.6940410080e-03 0.0
0.5475 1.7291942573e-03 0.0
0.5480 1.7646740237e-03 0.0
0.5485 1.8004789067e-03 0.0
0.5490 1.8366074928e-03 0.0
0.5495 1.8730583557e-03 0.0
0.5500 1.9098300563e-03 0.0
0.5505 1.9469211429e-03 0.0
0.5510 1.9843301513e-03 0.0
0.5515 2.0220556046e-03 0.0
0.5520 2.0600960135e-03 0.0
0.5525 2.0984498762e-03 0.0
0.5530 2.1371156786e-03 0.0
0.5535 2.1760918942e-03 0.0
0.5540 2.2153769843e-03 0.0
0.5545 2.2549693980e-03 0.0
0.5550 2.2948675722e-03 0.0
0.5555 2.3350699319e-03 0.0
0.5560 2.3755748899e-03 0.0
0.5565 2.4163808471e-03 0.0
0.5570 2.4574861926e-03 0.0
0.5575 2.4988893037e-03 0.0
0.5580 2.5405885458e-03 0.0
0.5585 2.5825822726e-03 0.0
0.5590 2.6248688264e-03 0.0
0.5595 2.6674465378e-03 0.0
0.5600 2.7103137258e-03 0.0
0.5605 2.7534686981e-03 0.0
0.5610 2.7969097511e-03 0.0
0.5615 2.8406351698e-03 0.0
0.5620 2.8846432279e-03 0.0
0.5625 2.9289321881e-03 0.0
0.5630 2.9735003020e-03 0.0
0.5635 3.0183458101e-03 0.0
0.5640 3.0634669419e-03 0.0
0.5645 3.1088619161e-03 0.0
0.5650 3.1545289407e-03 0.0
0.5655 3.2004662128e-03 0.0
0.5660 3.2466719188e-03 0.0
0.5665 3.2931442346e-03 0.0
0.5670 3.3398813257e-03 0.0
0.5675 3.3868813468e-03 0.0
0.5680 3.4341424425e-03 0.0
0.5685 3.4816627470e-03 0.0
0.5690 3.5294403843e-03 0.0
0.5695 3.5774734682e-03 0.0
0.5700 3.6257601025e-03 0.0
0.5705 3.6742983809e-03 0.0
0.5710 3.7230863871e-03 0.0
0.5715 3.7721221951e-03 0.0
0.5720 3.8214038691e-03 0.0
0.5725 3.8709294635e-03 0.0
0.5730 3.9206970231e-03 0.0
0.5735 3.9707045831e-03 0.0
0.5740 4.0209501694e-03 0.0
0.5745 4.0714317984e-03 0.0
0.5750 4.1221474771e-03 0.0
0.5755 4.1730952033e-03 0.0
0.5760 4.2242729658e-03 0.0
0.5765 4.2756787441e-03 0.0
0.5770 4.3273105087e-03 0.0
0.5775 4.3791662215e-03 0.0
0.5780 4.4312438351e-03 0.0
0.5785 4.4835412937e-03 0.0
0.5790 4.5360565327e-03 0.0
0.5795 4.5887874787e-03 0.0
0.5800 4.6417320502e-03 0.0
0.5805 4.6948881569e-03 0.0
0.5810 4.7482537004e-03 0.0
0.5815 4.8018265738e-03 0.0
0.5820 4.8556046622e-03 0.0
0.5825 4.9095858425e-03 0.0
0.5830 4.9637679836e-03 0.0
0.5835 5.0181489466e-03 0.0
0.5840 5.0727265845e-03 0.0
0.5845 5.1274987427e-03 0.0
0.5850 5.1824632590e-03 0.0
0.5855 5.2376179633e-03 0.0
0.5860 5.2929606783e-03 0.0
0.5865 5.3484892192e-03 0.0
0.5870 5.4042013938e-03 0.0
0.5875 5.4600950026e-03 0.0
0.5880 5.5161678391e-03 0.0
0.5885 5.5724176896e-03 0.0
0.5890 5.6288423335e-03 0.0
0.5895 5.6854395432e-03 0.0
0.5900 5.7422070843e-03 0.0
0.5905 5.7991427159e-03 0.0
0.5910 5.8562441901e-03 0.0
0.5915 5.9135092526e-03 0.0
0.5920 5.9709356429e-03 0.0
0.5925 6.0285210937e-03 0.0
0.5930 6.0862633316e-03 0.0
0.5935 6.1441600772e-03 0.0
0.5940 6.2022090448e-03 0.0
0.5945 6.2604079426e-03 0.0
0.5950 6.3187544732e-03 0.0
0.5955 6.3772463330e-03 0.0
0.5960 6.4358812129e-03 0.0
0.5965 6.4946567981e-03 0.0
0.5970 6.5535707683e-03 0.0
0.5975 6.6126207975e-03 0.0
0.5980 6.6718045548e-03 0.0
0.5985 6.7311197035e-03 0.0
0.5990 6.7905639019e-03 0.0
0.5995 6.8501348034e-03 0.0
0.6000 6.9098300563e-03 0.0
0.6005 6.9696473037e-03 0.0
0.6010 7.0295841842e-03 0.0
0.6015 7.0896383317e-03 0.0
0.6020 7.1498073753e-03 0.0
0.6025 7.2100889396e-03 0.0
0.6030 7.2704806448e-03 0.0
0.6035 7.3309801068e-03 0.0
0.6040 7.3915849371e-03 0.0
0.6045 7.4522927432e-03 0.0
0.6050 7.5131011284e-03 0.0
0.6055 7.5740076920e-03 0.0
0.6060 7.6350100298e-03 0.0
0.6065 7.6961057332e-03 0.0
0.6070 7.7572923905e-03 0.0
0.6075 7.8185675860e-03 0.0
0.6080 7.8799289008e-03 0.0
0.6085 7.9413739123e-03 0.0
0.6090 8.0029001949e-03 0.0
0.6095 8.0645053195e-03 0.0
0.6100 8.1261868541e-03 0.0
0.6105 8.1879423637e-03 0.0
0.6110 8.2497694102e-03 0.0
0.6115 8.3116655529e-03 0.0
0.6120 8.3736283481e-03 0.0
0.6125 8.4356553496e-03 0.0
0.6130 8.4977441088e-03 0.0
0.6135 8.5598921745e-03 0.0
0.6140 8.6220970932e-03 0.0
0.6145 8.6843564091e-03 0.0
0.6150 8.7466676644e-03 0.0
0.6155 8.8090283991e-03 0.0
0.6160 8.8714361513e-03 0.0
0.6165 8.9338884572e-03 0.0
0.6170 8.9963828515e-03 0.0
0.6175 9.0589168668e-03 0.0
0.6180 9.1214880345e-03 0.0
0.6185 9.1840938843e-03 0.0
0.6190 9.2467319447e-03 0.0
0.6195 9.3093997429e-03 0.0
0.6200 9.3720948047e-03 0.0
0.6205 9.4348146552e-03 0.0
0.6210 9.4975568182e-03 0.0
0.6215 9.5603188168e-03 0.0
0.6220 9.6230981733e-03 0.0
0.6225 9.6858924092e-03 0.0
0.6230 9.7486990456e-03 0.0
0.6235 9.8115156028e-03 0.0
0.6240 9.8743396012e-03 0.0
0.6245 9.9371685603e-03 0.0
0.6250 1.0000000000e-02 0.0
0.6255 1.0062831440e-02 0.0
0.6260 1.0125660399e-02 0.0
0.6265 1.0188484397e-02 0.0
0.6270 1.0251300954e-02 0.0
0.6275 1.0314107591e-02 0.0
0.6280 1.0376901827e-02 0.0
0.6285 1.0439681183e-02 0.0
0.6290 1.0502443182e-02 0.0
0.6295 1.0565185345e-02 0.0
0.6300 1.0627905195e-02 0.0
0.6305 1.0690600257e-02 0.0
0.6310 1.0753268055e-02 0.0
0.6315 1.0815906116e-02 0.0
0.6320 1.0878511966e-02 0.0
0.6325 1.0941083133e-02 0.0
0.6330 1.1003617149e-02 0.0
0.6335 1.1066111543e-02 0.0
0.6340 1.1128563849e-02 0.0
0.6345 1.1190971601e-02 0.0
0.6350 1.1253332336e-02 0.0
0.6355 1.1315643591e-02 0.0
0.6360 1.1377902907e-02 0.0
0.6365 1.1440107826e-02 0.0
0.6370 1.1502255891e-02 0.0
0.6375 1.1564344650e-02 0.0
0.6380 1.1626371652e-02 0.0
0.6385 1.1688334447e-02 0.0
0.6390 1.1750230590e-02 0.0
0.6395 1.1812057636e-02 0.0
0.6400 1.1873813146e-02 0.0
0.6405 1.1935494681e-02 0.0
0.6410 1.1997099805e-02 0.0
0.6415 1.2058626088e-02 0.0
0.6420 1.2120071099e-02 0.0
0.6425 1.2181432414e-02 0.0
0.6430 1.2242707609e-02 0.0
0.6435 1.2303894267e-02 0.0
0.6440 1.2364989970e-02 0.0
0.6445 1.2425992308e-02 0.0
0.6450 1.2486898872e-02 0.0
0.6455 1.2547707257e-02 0.0
0.6460 1.2608415063e-02 0.0
0.6465 1.2669019893e-02 0.0
0.6470 1.2729519355e-02 0.0
0.6475 1.2789911060e-02 0.0
0.6480 1.2850192625e-02 0.0
0.6485 1.2910361668e-02 0.0
0.6490 1.2970415816e-02 0.0
0.6495 1.3030352696e-02 0.0
0.6500 1.3090169944e-02 0.0
0.6505 1.3149865197e-02 0.0
0.6510 1.3209436098e-02 0.0
0.6515 1.3268880297e-02 0.0
0.6520 1.3328195445e-02 0.0
0.6525 1.3387379202e-02 0.0
0.6530 1.3446429232e-02 0.0
0.6535 1.3505343202e-02 0.0
0.6540 1.3564118787e-02 0.0
0.6545 1.3622753667e-02 0.0
0.6550 1.3681245527e-02 0.0
0.6555 1.3739592057e-02 0.0
0.6560 1.3797790955e-02 0.0
0.6565 1.3855839923e-02 0.0
0.6570 1.3913736668e-02 0.0
0.6575 1.3971478906e-02 0.0
0.6580 1.4029064357e-02 0.0
0.6585 1.4086490747e-02 0.0
0.6590 1.4143755810e-02 0.0
0.6595 1.4200857284e-02 0.0
0.6600 1.4257792916e-02 0.0
0.6605 1.4314560457e-02 0.0
0.6610 1.4371157667e-02 0.0
0.6615 1.4427582310e-02 0.0
0.6620 1.4483832161e-02 0.0
0.6625 1.4539904997e-02 0.0
0.6630 1.4595798606e-02 0.0
0.6635 1.4651510781e-02 0.0
0.6640 1.4707039322e-02 0.0
0.6645 1.4762382037e-02 0.0
0.6650 1.4817536741e-02 0.0
0.6655 1.4872501257e-02 0.0
0.6660 1.4927273415e-02 0.0
0.6665 1.4981851053e-02 0.0
0.6670 1.5036232016e-02 0.0
0.6675 1.5090414158e-02 0.0
0.6680 1.5144395338e-02 0.0
0.6685 1.5198173426e-02 0.0
0.6690 1.5251746300e-02 0.0
0.6695 1.5305111843e-02 0.0
0.6700 1.5358267950e-02 0.0
0.6705 1.5411212521e-02 0.0
0.6710 1.5463943467e-02 0.0
0.6715 1.5516458706e-02 0.0
0.6720 1.5568756165e-02 0.0
0.6725 1.5620833779e-02 0.0
0.6730 1.5672689491e-02 0.0
0.6735 1.5724321256e-02 0.0
0.6740 1.5775727034e-02 0.0
0.6745 1.5826904797e-02 0.0
0.6750 1.5877852523e-02 0.0
0.6755 1.5928568202e-02 0.0
0.6760 1.5979049831e-02 0.0
0.6765 1.6029295417e-02 0.0
0.6770 1.6079302977e-02 0.0
0.6775 1.6129070537e-02 0.0
0.6780 1.6178596131e-02 0.0
0.6785 1.6227877805e-02 0.0
0.6790 1.6276913613e-02 0.0
0.6795 1.6325701619e-02 0.0
0.6800 1.6374239897e-02 0.0
0.6805 1.6422526532e-02 0.0
0.6810 1.6470559616e-02 0.0
0.6815 1.6518337253e-02 0.0
0.6820 1.6565857558e-02 0.0
0.6825 1.6613118653e-02 0.0
0.6830 1.6660118674e-02 0.0
0.6835 1.6706855765e-02 0.0
0.6840 1.6753328081e-02 0.0
0.6845 1.6799533787e-02 0.0
0.6850 1.6845471059e-02 0.0
0.6855 1.6891138084e-02 0.0
0.6860 1.6936533058e-02 0.0
0.6865 1.6981654190e-02 0.0
0.6870 1.7026499698e-02 0.0
0.6875 1.7071067812e-02 0.0
0.6880 1.7115356772e-02 0.0
0.6885 1.7159364830e-02 0.0
0.6890 1.7203090249e-02 0.0
0.6895 1.7246531302e-02 0.0
0.6900 1.7289686274e-02 0.0
0.6905 1.7332553462e-02 0.0
0.6910 1.7375131174e-02 0.0
0.6915 1.7417417727e-02 0.0
0.6920 1.7459411454e-02 0.0
0.6925 1.7501110696e-02 0.0
0.6930 1.7542513807e-02 0.0
0.6935 1.7583619153e-02 0.0
0.6940 1.7624425110e-02 0.0
0.6945 1.7664930068e-02 0.0
0.6950 1.7705132428e-02 0.0
0.6955 1.7745030602e-02 0.0
0.6960 1.7784623016e-02 0.0
0.6965 1.7823908106e-02 0.0
0.6970 1.7862884321e-02 0.0
0.6975 1.7901550124e-02 0.0
0.6980 1.7939903986e-02 0.0
0.6985 1.7977944395e-02 0.0
0.6990 1.8015669849e-02 0.0
0.6995 1.8053078857e-02 0.0
0.7000 1.8090169944e-02 0.0
0.7005 1.8126941644e-02 0.0
0.7010 1.8163392507e-02 0.0
0.7015 1.8199521093e-02 0.0
0.7020 1.8235325976e-02 0.0
0.7025 1.8270805743e-02 0.0
0.7030 1.8305958992e-02 0.0
0.7035 1.8340784336e-02 0.0
0.7040 1.8375280400e-02 0.0
0.7045 1.8409445823e-02 0.0
0.7050 1.8443279255e-02 0.0
0.7055 1.8476779361e-02 0.0
0.7060 1.8509944818e-02 0.0
0.7065 1.8542774317e-02 0.0
0.7070 1.8575266562e-02 0.0
0.7075 1.8607420270e-02 0.0
0.7080 1.8639234172e-02 0.0
0.7085 1.8670707012e-02 0.0
0.7090 1.8701837547e-02 0.0
0.7095 1.8732624548e-02 0.0
0.7100 1.8763066800e-02 0.0
0.7105 1.8793163102e-02 0.0
0.7110 1.8822912264e-02 0.0
0.7115 1.8852313113e-02 0.0
0.7120 1.8881364488e-02 0.0
0.7125 1.8910065242e-02 0.0
0.7130 1.8938414242e-02 0.0
0.7135 1.8966410368e-02 0.0
0.7140 1.8994052516e-02 0.0
0.7145 1.9021339594e-02 0.0
0.7150 1.9048270525e-02 0.0
0.7155 1.9074844245e-02 0.0
0.7160 1.9101059707e-02 0.0
0.7165 1.9126915874e-02 0.0
0.7170 1.9152411726e-02 0.0
0.7175 1.9177546257e-02 0.0
0.7180 1.9202318474e-02 0.0
0.7185 1.9226727399e-02 0.0
0.7190 1.9250772068e-02 0.0
0.7195 1.9274451533e-02 0.0
0.7200 1.9297764859e-02 0.0
0.7205 1.9320711125e-02 0.0
0.7210 1.9343289425e-02 0.0
0.7215 1.9365498867e-02 0.0
0.7220 1.9387338577e-02 0.0
0.7225 1.9408807690e-02 0.0
0.7230 1.9429905359e-02 0.0
0.7235 1.9450630752e-02 0.0
0.7240 1.9470983050e-02 0.0
0.7245 1.9490961450e-02 0.0
0.7250 1.9510565163e-02 0.0
0.7255 1.9529793415e-02 0.0
0.7260 1.9548645447e-02 0.0
0.7265 1.9567120516e-02 0.0
0.7270 1.9585217890e-02 0.0
0.7275 1.9602936857e-02 0.0
0.7280 1.9620276716e-02 0.0
0.7285 1.9637236783e-02 0.0
0.7290 1.9653816388e-02 0.0
0.7295 1.9670014878e-02 0.0
0.7300 1.9685831611e-02 0.0
0.7305 1.9701265965e-02 0.0
0.7310 1.9716317329e-02 0.0
0.7315 1.9730985110e-02 0.0
0.7320 1.9745268728e-02 0.0
0.7325 1.9759167619e-02 0.0
0.7330 1.9772681236e-02 0.0
0.7335 1.9785809043e-02 0.0
0.7340 1.9798550524e-02 0.0
0.7345 1.9810905174e-02 0.0
0.7350 1.9822872507e-02 0.0
0.7355 1.9834452050e-02 0.0
0.7360 1.9845643345e-02 0.0
0.7365 1.9856445951e-02 0.0
0.7370 1.9866859442e-02 0.0
0.7375 1.9876883406e-02 0.0
0.7380 1.9886517447e-02 0.0
0.7385 1.9895761186e-02 0.0
0.7390 1.9904614257e-02 0.0
0.7395 1.9913076311e-02 0.0
0.7400 1.9921147013e-02 0.0
0.7405 1.9928826046e-02 0.0
0.7410 1.9936113105e-02 0.0
0.7415 1.9943007904e-02 0.0
0.7420 1.9949510170e-02 0.0
0.7425 1.9955619646e-02 0.0
0.7430 1.9961336091e-02 0.0
0.7435 1.9966659280e-02 0.0
0.7440 1.9971589003e-02 0.0
0.7445 1.9976125064e-02 0.0
0.7450 1.9980267284e-02 0.0
0.7455 1.9984015501e-02 0.0
0.7460 1.9987369566e-02 0.0
0.7465 1.9990329347e-02 0.0
0.7470 1.9992894726e-02 0.0
0.7475 1.9995065604e-02 0.0
0.7480 1.9996841893e-02 0.0
0.7485 1.9998223524e-02 0.0
0.7490 1.9999210442e-02 0.0
0.7495 1.9999802609e-02 0.0
0.7500 2.0000000000e-02 0.0
0.7505 1.9999802609e-02 0.0
0.7510 1.9999210442e-02 0.0
0.7515 1.9998223524e-02 0.0
0.7520 1.9996841893e-02 0.0
0.7525 1.9995065604e-02 0.0
0.7530 1.9992894726e-02 0.0
0.7535 1.9990329347e-02 0.0
0.7540 1.9987369566e-02 0.0
0.7545 1.9984015501e-02 0.0
0.7550 1.9980267284e-02 0.0
0.7555 1.9976125064e-02 0.0
0.7560 1.9971589003e-02 0.0
0.7565 1.9966659280e-02 0.0
0.7570 1.9961336091e-02 0.0
0.7575 1.9955619646e-02 0.0
0.7580 1.9949510170e-02 0.0
0.7585 1.9943007904e-02 0.0
0.7590 1.9936113105e-02 0.0
0.7595 1.9928826046e-02 0.0
0.7600 1.9921147013e-02 0.0
0.7605 1.9913076311e-02 0.0
0.7610 1.9904614257e-02 0.0
0.7615 1.9895761186e-02 0.0
0.7620 1.9886517447e-02 0.0
0.7625 1.9876883406e-02 0.0
0.7630 1.9866859442e-02 0.0
0.7635 1.9856445951e-02 0.0
0.7640 1.9845643345e-02 0.0
0.7645 1.9834452050e-02 0.0
0.7650 1.9822872507e-02 0.0
0.7655 1.9810905174e-02 0.0
0.7660 1.9798550524e-02 0.0
0.7665 1.9785809043e-02 0.0
0.7670 1.9772681236e-02 0.0
0.7675 1.9759167619e-02 0.0
0.7680 1.9745268728e-02 0.0
0.7685 1.9730985110e-02 0.0
0.7690 1.9716317329e-02 0.0
0.7695 1.9701265965e-02 0.0
0.7700 1.9685831611e-02 0.0
0.7705 1.9670014878e-02 0.0
0.7710 1.9653816388e-02 0.0
0.7715 1.9637236783e-02 0.0
0.7720 1.9620276716e-02 0.0
0.7725 1.9602936857e-02 0.0
0.7730 1.9585217890e-02 0.0
0.7735 1.9567120516e-02 0.0
0.7740 1.9548645447e-02 0.0
0.7745 1.9529793415e-02 0.0
0.7750 1.9510565163e-02 0.0
0.7755 1.9490961450e-02 0.0
0.7760 1.9470983050e-02 0.0
0.7765 1.9450630752e-02 0.0
0.7770 1.9429905359e-02 0.0
0.7775 1.9408807690e-02 0.0
0.7780 1.9387338577e-02 0.0
0.7785 1.9365498867e-02 0.0
0.7790 1.9343289425e-02 0.0
0.7795 1.9320711125e-02 0.0
0.7800 1.9297764859e-02 0.0
0.7805 1.9274451533e-02 0.0
0.7810 1.9250772068e-02 0.0
0.7815 1.9226727399e-02 0.0
0.7820 1.9202318474e-02 0.0
0.7825 1.9177546257e-02 0.0
0.7830 1.9152411726e-02 0.0
0.7835 1.9126915874e-02 0.0
0.7840 1.9101059707e-02 0.0
0.7845 1.9074844245e-02 0.0
0.7850 1.9048270525e-02 0.0
0.7855 1.9021339594e-02 0.0
0.7860 1.8994052516e-02 0.0
0.7865 1.8966410368e-02 0.0
0.7870 1.8938414242e-02 0.0
0.7875 1.8910065242e-02 0.0
0.7880 1.8881364488e-02 0.0
0.7885 1.8852313113e-02 0.0
0.7890 1.8822912264e-02 0.0
0.7895 1.8793163102e-02 0.0
0.7900 1.8763066800e-02 0.0
0.7905 1.8732624548e-02 0.0
0.7910 1.8701837547e-02 0.0
0.7915 1.8670707012e-02 0.0
0.7920 1.8639234172e-02 0.0
0.7925 1.8607420270e-02 0.0
0.7930 1.8575266562e-02 0.0
0.7935 1.8542774317e-02 0.0
0.7940 1.8509944818e-02 0.0
0.7945 1.8476779361e-02 0.0
0.7950 1.8443279255e-02 0.0
0.7955 1.8409445823e-02 0.0
0.7960 1.8375280400e-02 0.0
0.7965 1.8340784336e-02 0.0
0.7970 1.8305958992e-02 0.0
0.7975 1.8270805743e-02 0.0
0.7980 1.8235325976e-02 0.0
0.7985 1.8199521093e-02 0.0
0.7990 1.8163392507e-02 0.0
0.7995 1.8126941644e-02 0.0
0.8000 1.8090169944e-02 0.0
0.8005 1.8053078857e-02 0.0
0.8010 1.8015669849e-02 0.0
0.8015 1.7977944395e-02 0.0
0.8020 1.7939903986e-02 0.0
0.8025 1.7901550124e-02 0.0
0.8030 1.7862884321e-02 0.0
0.8035 1.7823908106e-02 0.0
0.8040 1.7784623016e-02 0.0
0.8045 1.7745030602e-02 0.0
0.8050 1.7705132428e-02 0.0
0.8055 1.7664930068e-02 0.0
0.8060 1.7624425110e-02 0.0
0.8065 1.7583619153e-02 0.0
0.8070 1.7542513807e-02 0.0
0.8075 1.7501110696e-02 0.0
0.8080 1.7459411454e-02 0.0
0.8085 1.7417417727e-02 0.0
0.8090 1.7375131174e-02 0.0
0.8095 1.7332553462e-02 0.0
0.8100 1.7289686274e-02 0.0
0.8105 1.7246531302e-02 0.0
0.8110 1.7203090249e-02 0.0
0.8115 1.7159364830e-02 0.0
0.8120 1.7115356772e-02 0.0
0.8125 1.7071067812e-02 0.0
0.8130 1.7026499698e-02 0.0
0.8135 1.6981654190e-02 0.0
0.8140 1.6936533058e-02 0.0
0.8145 1.6891138084e-02 0.0
0.8150 1.6845471059e-02 0.0
0.8155 1.6799533787e-02 0.0
0.8160 1.6753328081e-02 0.0
0.8165 1.6706855765e-02 0.0
0.8170 1.6660118674e-02 0.0
0.8175 1.6613118653e-02 0.0
0.8180 1.6565857558e-02 0.0
0.8185 1.6518337253e-02 0.0
0.8190 1.6470559616e-02 0.0
0.8195 1.6422526532e-02 0.0
0.8200 1.6374239897e-02 0.0
0.8205 1.6325701619e-02 0.0
0.8210 1.6276913613e-02 0.0
0.8215 1.6227877805e-02 0.0
0.8220 1.6178596131e-02 0.0
0.8225 1.6129070537e-02 0.0
0.8230 1.6079302977e-02 0.0
0.8235 1.6029295417e-02 0.0
0.8240 1.5979049831e-02 0.0
0.8245 1.5928568202e-02 0.0
0.8250 1.5877852523e-02 0.0
0.8255 1.5826904797e-02 0.0
0.8260 1.5775727034e-02 0.0
0.8265 1.5724321256e-02 0.0
0.8270 1.5672689491e-02 0.0
0.8275 1.5620833779e-02 0.0
0.8280 1.5568756165e-02 0.0
0.8285 1.5516458706e-02 0.0
0.8290 1.5463943467e-02 0.0
0.8295 1.5411212521e-02 0.0
0.8300 1.5358267950e-02 0.0
0.8305 1.5305111843e-02 0.0
0.8310 1.5251746300e-02 0.0
0.8315 1.5198173426e-02 0.0
0.8320 1.5144395338e-02 0.0
0.8325 1.5090414158e-02 0.0
0.8330 1.5036232016e-02 0.0
0.8335 1.4981851053e-02 0.0
0.8340 1.4927273415e-02 0.0
0.8345 1.4872501257e-02 0.0
0.8350 1.4817536741e-02 0.0
0.8355 1.4762382037e-02 0.0
0.8360 1.4707039322e-02 0.0
0.8365 1.4651510781e-02 0.0
0.8370 1.4595798606e-02 0.0
0.8375 1.4539904997e-02 0.0
0.8380 1.4483832161e-02 0.0
0.8385 1.4427582310e-02 0.0
0.8390 1.4371157667e-02 0.0
0.8395 1.4314560457e-02 0.0
0.8400 1.4257792916e-02 0.0
0.8405 1.4200857284e-02 0.0
0.8410 1.4143755810e-02 0.0
0.8415 1.4086490747e-02 0.0
0.8420 1.4029064357e-02 0.0
0.8425 1.3971478906e-02 0.0
0.8430 1.3913736668e-02 0.0
0.8435 1.3855839923e-02 0.0
0.8440 1.3797790955e-02 0.0
0.8445 1.3739592057e-02 0.0
0.8450 1.3681245527e-02 0.0
0.8455 1.3622753667e-02 0.0
0.8460 1.3564118787e-02 0.0
0.8465 1.3505343202e-02 0.0
0.8470 1.3446429232e-02 0.0
0.8475 1.3387379202e-02 0.0
0.8480 1.3328195445e-02 0.0
0.8485 1.3268880297e-02 0.0
0.8490 1.3209436098e-02 0.0
0.8495 1.3149865197e-02 0.0
0.8500 1.3090169944e-02 0.0
0.8505 1.3030352696e-02 0.0
0.8510 1.2970415816e-02 0.0
0.8515 1.2910361668e-02 0.0
0.8520 1.2850192625e-02 0.0
0.8525 1.2789911060e-02 0.0
0.8530 1.2729519355e-02 0.0
0.8535 1.2669019893e-02 0.0
0.8540 1.2608415063e-02 0.0
0.8545 1.2547707257e-02 0.0
0.8550 1.2486898872e-02 0.0
0.8555 1.2425992308e-02 0.0
0.8560 1.2364989970e-02 0.0
0.8565 1.2303894267e-02 0.0
0.8570 1.2242707609e-02 0.0
0.8575 1.2181432414e-02 0.0
0.8580 1.2120071099e-02 0.0
0.8585 1.2058626088e-02 0.0
0.8590 1.1997099805e-02 0.0
0.8595 1.1935494681e-02 0.0
0.8600 1.1873813146e-02 0.0
0.8605 1.1812057636e-02 0.0
0.8610 1.1750230590e-02 0.0
0.8615 1.1688334447e-02 0.0
0.8620 1.1626371652e-02 0.0
0.8625 1.1564344650e-02 0.0
0.8630 1.1502255891e-02 0.0
0.8635 1.1440107826e-02 0.0
0.8640 1.1377902907e-02 0.0
0.8645 1.1315643591e-02 0.0
0.8650 1.1253332336e-02 0.0
0.8655 1.1190971601e-02 0.0
0.8660 1.1128563849e-02 0.0
0.8665 1.1066111543e-02 0.0
0.8670 1.1003617149e-02 0.0
0.8675 1.0941083133e-02 0.0
0.8680 1.0878511966e-02 0.0
0.8685 1.0815906116e-02 0.0
0.8690 1.0753268055e-02 0.0
0.8695 1.0690600257e-02 0.0
0.8700 1.0627905195e-02 0.0
0.8705 1.0565185345e-02 0.0
0.8710 1.0502443182e-02 0.0
0.8715 1.0439681183e-02 0.0
0.8720 1.0376901827e-02 0.0
0.8725 1.0314107591e-02 0.0
0.8730 1.0251300954e-02 0.0
0.8735 1.0188484397e-02 0.0
0.8740 1.0125660399e-02 0.0
0.8745 1.0062831440e-02 0.0
0.8750 1.0000000000e-02 0.0
0.8755 9.9371685603e-03 0.0
0.8760 9.8743396012e-03 0.0
0.8765 9.8115156028e-03 0.0
0.8770 9.7486990456e-03 0.0
0.8775 9.6858924092e-03 0.0
0.8780 9.6230981733e-03 0.0
0.8785 9.5603188168e-03 0.0
0.8790 9.4975568182e-03 0.0
0.8795 9.4348146552e-03 0.0
0.8800 9.3720948047e-03 0.0
0.8805 9.3093997429e-03 0.0
0.8810 9.2467319447e-03 0.0
0.8815 9.1840938843e-03 0.0
0.8820 9.1214880345e-03 0.0
0.8825 9.0589168668e-03 0.0
0.8830 8.9963828515e-03 0.0
0.8835 8.9338884572e-03 0.0
0.8840 8.8714361513e-03 0.0
0.8845 8.8090283991e-03 0.0
0.8850 8.7466676644e-03 0.0
0.8855 8.6843564091e-03 0.0
0.8860 8.6220970932e-03 0.0
0.8865 8.5598921745e-03 0.0
0.8870 8.4977441088e-03 0.0
0.8875 8.4356553496e-03 0.0
0.8880 8.3736283481e-03 0.0
0.8885 8.3116655529e-03 0.0
0.8890 8.2497694102e-03 0.0
0.8895 8.1879423637e-03 0.0
0.8900 8.1261868541e-03 0.0
0.8905 8.0645053195e-03 0.0
0.8910 8.0029001949e-03 0.0
0.8915 7.9413739123e-03 0.0
0.8920 7.8799289008e-03 0.0
0.8925 7.8185675860e-03 0.0
0.8930 7.7572923905e-03 0.0
0.8935 7.6961057332e-03 0.0
0.8940 7.6350100298e-03 0.0
0.8945 7.5740076920e-03 0.0
0.8950 7.5131011284e-03 0.0
0.8955 7.4522927432e-03 0.0
0.8960 7.3915849371e-03 0.0
0.8965 7.3309801068e-03 0.0
0.8970 7.2704806448e-03 0.0
0.8975 7.2100889396e-03 0.0
0.8980 7.1498073753e-03 0.0
0.8985 7.0896383317e-03 0.0
0.8990 7.0295841842e-03 0.0
0.8995 6.9696473037e-03 0.0
0.9000 6.9098300563e-03 0.0
0.9005 6.8501348034e-03 0.0
0.9010 6.7905639019e-03 0.0
0.9015 6.7311197035e-03 0.0
0.9020 6.6718045548e-03 0.0
0.9025 6.6126207975e-03 0.0
0.9030 6.5535707683e-03 0.0
0.9035 6.4946567981e-03 0.0
0.9040 6.4358812129e-03 0.0
0.9045 6.3772463330e-03 0.0
0.9050 6.3187544732e-03 0.0
0.9055 6.2604079426e-03 0.0
0.9060 6.2022090448e-03 0.0
0.9065 6.1441600772e-03 0.0
0.9070 6.0862633316e-03 0.0
0.9075 6.0285210937e-03 0.0
0.9080 5.9709356429e-03 0.0
0.9085 5.9135092526e-03 0.0
0.9090 5.8562441901e-03 0.0
0.9095 5.7991427159e-03 0.0
0.9100 5.7422070843e-03 0.0
0.9105 5.6854395432e-03 0.0
0.9110 5.6288423335e-03 0.0
0.9115 5.5724176896e-03 0.0
0.9120 5.5161678391e-03 0.0
0.9125 5.4600950026e-03 0.0
0.9130 5.4042013938e-03 0.0
0.9135 5.3484892192e-03 0.0
0.9140 5.2929606783e-03 0.0
0.9145 5.2376179633e-03 0.0
0.9150 5.1824632590e-03 0.0
0.9155 5.1274987427e-03 0.0
0.9160 5.0727265845e-03 0.0
0.9165 5.0181489466e-03 0.0
0.9170 4.9637679836e-03 0.0
0.9175 4.9095858425e-03 0.0
0.9180 4.8556046622e-03 0.0
0.9185 4.8018265738e-03 0.0
0.9190 4.7482537004e-03 0.0
0.9195 4.6948881569e-03 0.0
0.9200 4.6417320502e-03 0.0
0.9205 4.5887874787e-03 0.0
0.9210 4.5360565327e-03 0.0
0.9215 4.4835412937e-03 0.0
0.9220 4.4312438351e-03 0.0
0.9225 4.3791662215e-03 0.0
0.9230 4.3273105087e-03 0.0
0.9235 4.2756787441e-03 0.0
0.9240 4.2242729658e-03 0.0
0.9245 4.1730952033e-03 0.0
0.9250 4.1221474771e-03 0.0
0.9255 4.0714317984e-03 0.0
0.9260 4.0209501694e-03 0.0
0.9265 3.9707045831e-03 0.0
0.9270 3.9206970231e-03 0.0
0.9275 3.8709294635e-03 0.0
0.9280 3.8214038691e-03 0.0
0.9285 3.7721221951e-03 0.0
0.9290 3.7230863871e-03 0.0
0.9295 3.6742983809e-03 0.0
0.9300 3.6257601025e-03 0.0
0.9305 3.5774734682e-03 0.0
0.9310 3.5294403843e-03 0.0
0.9315 3.4816627470e-03 0.0
0.9320 3.4341424425e-03 0.0
0.9325 3.3868813468e-03 0.0
0.9330 3.3398813257e-03 0.0
0.9335 3.2931442346e-03 0.0
0.9340 3.2466719188e-03 0.0
0.9345 3.2004662128e-03 0.0
0.9350 3.1545289407e-03 0.0
0.9355 3.1088619161e-03 0.0
0.9360 3.0634669419e-03 0.0
0.9365 3.0183458101e-03 0.0
0.9370 2.9735003020e-03 0.0
0.9375 2.9289321881e-03 0.0
0.9380 2.8846432279e-03 0.0
0.9385 2.8406351698e-03 0.0
0.9390 2.7969097511e-03 0.0
0.9395 2.7534686981e-03 0.0
0.9400 2.7103137258e-03 0.0
0.9405 2.6674465378e-03 0.0
0.9410 2.6248688264e-03 0.0
0.9415 2.5825822726e-03 0.0
0.9420 2.5405885458e-03 0.0
0.9425 2.4988893037e-03 0.0
0.9430 2.4574861926e-03 0.0
0.9435 2.4163808471e-03 0.0
0.9440 2.3755748899e-03 0.0
0.9445 2.3350699319e-03 0.0
0.9450 2.2948675722e-03 0.0
0.9455 2.2549693980e-03 0.0
0.9460 2.2153769843e-03 0.0
0.9465 2.1760918942e-03 0.0
0.9470 2.1371156786e-03 0.0
0.9475 2.0984498762e-03 0.0
0.9480 2.0600960135e-03 0.0
0.9485 2.0220556046e-03 0.0
0.9490 1.9843301513e-03 0.0
0.9495 1.9469211429e-03 0.0
0.9500 1.9098300563e-03 0.0
0.9505 1.8730583557e-03 0.0
0.9510 1.8366074928e-03 0.0
0.9515 1.8004789067e-03 0.0
0.9520 1.7646740237e-03 0.0
0.9525 1.7291942573e-03 0.0
0.9530 1.6940410080e-03 0.0
0.9535 1.6592156639e-03 0.0
0.9540 1.6247195996e-03 0.0
0.9545 1.5905541770e-03 0.0
0.9550 1.5567207450e-03 0.0
0.9555 1.5232206391e-03 0.0
0.9560 1.4900551821e-03 0.0
0.9565 1.4572256830e-03 0.0
0.9570 1.4247334381e-03 0.0
0.9575 1.3925797300e-03 0.0
0.9580 1.3607658281e-03 0.0
0.9585 1.3292929884e-03 0.0
0.9590 1.2981624533e-03 0.0
0.9595 1.2673754519e-03 0.0
0.9600 1.2369331996e-03 0.0
0.9605 1.2068368981e-03 0.0
0.9610 1.1770877357e-03 0.0
0.9615 1.1476868867e-03 0.0
0.9620 1.1186355119e-03 0.0
0.9625 1.0899347581e-03 0.0
0.9630 1.0615857585e-03 0.0
0.9635 1.0335896321e-03 0.0
0.9640 1.0059474843e-03 0.0
0.9645 9.7866040632e-04 0.0
0.9650 9.5172947534e-04 0.0
0.9655 9.2515575459e-04 0.0
0.9660 8.9894029315e-04 0.0
0.9665 8.7308412596e-04 0.0
0.9670 8.4758827379e-04 0.0
0.9675 8.2245374316e-04 0.0
0.9680 7.9768152634e-04 0.0
0.9685 7.7327260130e-04 0.0
0.9690 7.4922793166e-04 0.0
0.9695 7.2554846665e-04 0.0
0.9700 7.0223514112e-04 0.0
0.9705 6.7928887542e-04 0.0
0.9710 6.5671057543e-04 0.0
0.9715 6.3450113252e-04 0.0
0.9720 6.1266142346e-04 0.0
0.9725 5.9119231046e-04 0.0
0.9730 5.7009464107e-04 0.0
0.9735 5.4936924820e-04 0.0
0.9740 5.2901695005e-04 0.0
0.9745 5.0903855010e-04 0.0
0.9750 4.8943483705e-04 0.0
0.9755 4.7020658483e-04 0.0
0.9760 4.5135455253e-04 0.0
0.9765 4.3287948441e-04 0.0
0.9770 4.1478210983e-04 0.0
0.9775 3.9706314323e-04 0.0
0.9780 3.7972328414e-04 0.0
0.9785 3.6276321710e-04 0.0
0.9790 3.4618361167e-04 0.0
0.9795 3.2998512238e-04 0.0
0.9800 3.1416838871e-04 0.0
0.9805 2.9873403510e-04 0.0
0.9810 2.8368267085e-04 0.0
0.9815 2.6901489018e-04 0.0
0.9820 2.5473127213e-04 0.0
0.9825 2.4083238061e-04 0.0
0.9830 2.2731876432e-04 0.0
0.9835 2.1419095675e-04 0.0
0.9840 2.0144947616e-04 0.0
0.9845 1.8909482557e-04 0.0
0.9850 1.7712749271e-04 0.0
0.9855 1.6554795005e-04 0.0
0.9860 1.5435665471e-04 0.0
0.9865 1.4355404851e-04 0.0
0.9870 1.3314055792e-04 0.0
0.9875 1.2311659405e-04 0.0
0.9880 1.1348255262e-04 0.0
0.9885 1.0423881397e-04 0.0
0.9890 9.5385743033e-05 0.0
0.9895 8.6923689305e-05 0.0
0.9900 7.8852986855e-05 0.0
0.9905 7.1173954302e-05 0.0
0.9910 6.3886894800e-05 0.0
0.9915 5.6992096030e-05 0.0
0.9920 5.0489830187e-05 0.0
0.9925 4.4380353969e-05 0.0
0.9930 3.8663908568e-05 0.0
0.9935 3.3340719660e-05 0.0
0.9940 2.8410997394e-05 0.0
0.9945 2.3874936388e-05 0.0
0.9950 1.9732715717e-05 0.0
0.9955 1.5984498910e-05 0.0
0.9960 1.2630433940e-05 0.0
0.9965 9.6706532188e-06 0.0
0.9970 7.1052735941e-06 0.0
0.9975 4.9343963427e-06 0.0
0.9980 3.1581071670e-06 0.0
0.9985 1.7764761919e-06 0.0
0.9990 7.8955796184e-07 0.0
0.9995 1.9739143863e-07 0.0
1.0000 0.0000000000e+00 0.0
