# Reference: Briggs, M.J., Synolakis, C.E., Harkins, G.S. & Green, D.R. (1995). Laboratory experiments of tsunami runup on a circular island. Pure and Applied Geophysics 144(3/4), 569-593.
# Source repo: https://github.com/fengyanshi/FUNWAVE-TVD  commit b4c322e7582035ee19df8e6409a3dfedaff1cb96, path benchmarks/car_conical_island/work_case_A/A.txt
# (byte-identical copy also in benchmarks/sph_conical_island/work_case_A/A.txt)
# Case A: solitary wave, FUNWAVE input.txt 'AMP = 0.0144', 'DEP = 0.32' (water depth 0.32 m) -> H/d = 0.0144/0.32.
# Content: MEASURED free-surface elevation time series at 4 wave gauges. plot_comparison.m:
#   't=data1(:,1); measure(:,1)=data1(:,2); ... measure(:,4)=data1(:,5);', gauge labels ' 6',' 9','16','22', ylabel('eta (m)').
# Columns: (1) time t [s], laboratory time base (model results are shifted onto it: 'time_lag_case_A=24.4;  tmodel=data(:,1) + time_lag_case_A');
#          (2) eta at gauge 6 [m]; (3) eta at gauge 9 [m]; (4) eta at gauge 16 [m]; (5) eta at gauge 22 [m].
# Sampling: regular, dt = 0.04 s, t = 20.00 ... 79.96 s (1500 rows) -> looks like original instrument records.
# Island geometry (input/conical.m): 'r1=3.6' (toe radius, m), 'depth0=0.32' (tank depth, m), 'hcone=0.625' (cone height, m), 'slope=0.25' (cone side slope 1:4).
#   The FUNWAVE depth.txt (702x602, DX=DY=0.05 m) actually used has the cone centred at 1-based grid i=461, j=277 (x=23.0 m, y=13.8 m with x=(i-1)*DX),
#   i.e. NOT at conical.m's 'x0=12.96; y0=13.30'; min depth -0.305 m (crest 0.305 m above SWL); top truncated per conical.m. The flat top radius is not stated explicitly in the repo.
# Gauge positions: only the FUNWAVE model station indices are in the repo (gauges.txt, 1-based i,j, DX=DY=0.05):
#   gauge 6 = sta_0001 (389,278): 3.60 m upwave of cone centre on the centreline (r = toe radius);
#   gauge 9 = sta_0002 (412,278): 2.45 m upwave of centre;  gauge 16 = sta_0008 (461,328): 2.55 m to the side (y+) of centre;
#   gauge 22 = sta_0013 (513,278): 2.60 m downwave (lee side) of centre.
#   These are model station locations; the original Briggs et al. lab gauge coordinates are not given in this repo.
# Wave direction: +x (solitary wave initialised at 'XWAVEMAKER = 8.0' m in the model).
# NOT AVAILABLE in repo: measured run-up around the island (angle vs run-up height) -- no such file exists in FUNWAVE-TVD car_/sph_conical_island.
# Cross-check: identical (to <=2.4e-4 m at a single gauge-22 sample, otherwise exact) to the NTHMP 2011 workshop lab file Conical_GaugeABC.mat (eta in cm, 'load Conical_GaugeABC.mat    % Experimental Data Time vs. Elevation(cm)') in https://github.com/fengyanshi/NHWAVE commit 286036b49872f7783de8cbcf574b018c314f3ed8, examples/inundation_benchmarks/Solitary_wave_on_a_conical_island/time_solution/.
20 0.00078 0.00089 0.00329 0.00086
20.04 0.00068 0.00077 0.00304 0.00073
20.08 0.00091 0.00101 0.00353 0.00091
20.12 0.00068 0.0008 0.00288 0.00059
20.16 0.00065 0.00083 0.00321 0.00086
20.2 0.00078 0.00092 0.00329 0.00086
20.24 0.00065 0.00077 0.00297 0.00073
20.28 0.00088 0.00101 0.00345 0.00091
20.32 0.00068 0.0008 0.0028 0.00059
20.36 0.00065 0.0008 0.00313 0.00091
20.4 0.00078 0.00098 0.00321 0.00086
20.44 0.00065 0.00077 0.00304 0.00073
20.48 0.00088 0.00101 0.00345 0.00086
20.52 0.00068 0.0008 0.00288 0.00063
20.56 0.00065 0.00083 0.00313 0.00081
20.6 0.00078 0.00092 0.00321 0.00086
20.64 0.00065 0.0008 0.00297 0.00073
20.68 0.00088 0.00101 0.00345 0.00081
20.72 0.00068 0.0008 0.0028 0.00063
20.76 0.00065 0.00083 0.00313 0.00077
20.8 0.00078 0.00092 0.00321 0.00086
20.84 0.00065 0.0008 0.00304 0.00073
20.88 0.00091 0.00101 0.00345 0.00086
20.92 0.00068 0.0008 0.00288 0.00059
20.96 0.00065 0.0008 0.00313 0.00081
21 0.00078 0.00092 0.00321 0.00086
21.04 0.00065 0.0008 0.00304 0.00077
21.08 0.00091 0.00101 0.00345 0.00091
21.12 0.00068 0.00083 0.00288 0.00054
21.16 0.00065 0.00083 0.00313 0.00081
21.2 0.00081 0.00092 0.00329 0.00081
21.24 0.00068 0.0008 0.00304 0.00068
21.28 0.00088 0.00101 0.00353 0.00086
21.32 0.00071 0.00083 0.00288 0.00054
21.36 0.00065 0.00083 0.00313 0.00081
21.4 0.00078 0.00092 0.00329 0.00086
21.44 0.00065 0.0008 0.00304 0.00077
21.48 0.00091 0.00103 0.00353 0.00081
21.52 0.00071 0.00083 0.00288 0.00059
21.56 0.00065 0.00083 0.00321 0.00081
21.6 0.00078 0.00094 0.00329 0.00081
21.64 0.00065 0.00083 0.00304 0.00073
21.68 0.00091 0.00103 0.00353 0.00081
21.72 0.00071 0.00083 0.00288 0.00054
21.76 0.00065 0.00086 0.00313 0.00081
21.8 0.00078 0.00094 0.00329 0.00086
21.84 0.00065 0.00083 0.00304 0.00073
21.88 0.00088 0.00106 0.00353 0.00091
21.92 0.00071 0.00086 0.00288 0.00059
21.96 0.00068 0.00086 0.00313 0.00091
22 0.00081 0.00094 0.00329 0.00086
22.04 0.00062 0.00083 0.00304 0.00077
22.08 0.00091 0.00106 0.00353 0.00081
22.12 0.00071 0.00083 0.00288 0.00059
22.16 0.00068 0.00086 0.00321 0.00081
22.2 0.00081 0.00094 0.00329 0.00081
22.24 0.00062 0.00086 0.00304 0.00073
22.28 0.00091 0.00106 0.00353 0.00077
22.32 0.00071 0.00086 0.00288 0.00059
22.36 0.00068 0.00086 0.00321 0.00086
22.4 0.00078 0.00094 0.00329 0.00086
22.44 0.00062 0.00086 0.00304 0.00077
22.48 0.00091 0.00106 0.00353 0.00081
22.52 0.00071 0.00086 0.00288 0.00059
22.56 0.00065 0.00083 0.00321 0.00086
22.6 0.00081 0.00094 0.00329 0.00091
22.64 0.00062 0.00086 0.00304 0.00073
22.68 0.00088 0.00106 0.00353 0.00081
22.72 0.00071 0.00089 0.00288 0.00068
22.76 0.00068 0.00086 0.00313 0.00081
22.8 0.00081 0.00094 0.00329 0.00086
22.84 0.00062 0.00086 0.00304 0.00073
22.88 0.00091 0.00106 0.00345 0.00077
22.92 0.00071 0.00086 0.00297 0.00054
22.96 0.00068 0.0008 0.00313 0.00073
23 0.00081 0.00094 0.00329 0.00086
23.04 0.00055 0.00083 0.00304 0.00073
23.08 0.00088 0.00106 0.00345 0.00081
23.12 0.00075 0.00086 0.00288 0.00063
23.16 0.00068 0.00083 0.00321 0.00077
23.2 0.00081 0.00094 0.00337 0.00095
23.24 0.00058 0.00083 0.00304 0.00073
23.28 0.00088 0.00103 0.00345 0.00091
23.32 0.00071 0.00083 0.00288 0.00063
23.36 0.00065 0.00083 0.00313 0.00081
23.4 0.00081 0.00094 0.00337 0.00086
23.44 0.00058 0.00083 0.00297 0.00073
23.48 0.00088 0.00106 0.00345 0.00086
23.52 0.00071 0.00086 0.00297 0.00054
23.56 0.00065 0.00083 0.00313 0.00077
23.6 0.00078 0.00098 0.00329 0.00077
23.64 0.00055 0.0008 0.00304 0.00063
23.68 0.00084 0.00103 0.00337 0.00091
23.72 0.00071 0.00086 0.00297 0.00059
23.76 0.00065 0.00083 0.00313 0.00081
23.8 0.00078 0.00094 0.00329 0.00081
23.84 0.00055 0.0008 0.00304 0.00073
23.88 0.00084 0.00101 0.00337 0.001
23.92 0.00071 0.00089 0.00297 0.00059
23.96 0.00065 0.00083 0.00313 0.00081
24 0.00081 0.00092 0.00329 0.00086
24.04 0.00055 0.00083 0.00304 0.00073
24.08 0.00084 0.00103 0.00337 0.00086
24.12 0.00071 0.00086 0.00297 0.00054
24.16 0.00065 0.00083 0.00313 0.00073
24.2 0.00081 0.00092 0.00329 0.00081
24.24 0.00055 0.00083 0.00304 0.00068
24.28 0.00084 0.00103 0.00345 0.00091
24.32 0.00071 0.00086 0.00297 0.00063
24.36 0.00065 0.00083 0.00313 0.00081
24.4 0.00081 0.00094 0.00329 0.00086
24.44 0.00055 0.00083 0.00304 0.00077
24.48 0.00088 0.00106 0.00345 0.00091
24.52 0.00071 0.00089 0.00297 0.00063
24.56 0.00065 0.00083 0.00313 0.00077
24.6 0.00081 0.00094 0.00329 0.00091
24.64 0.00055 0.0008 0.00304 0.00063
24.68 0.00084 0.00103 0.00345 0.00091
24.72 0.00071 0.00086 0.00297 0.0005
24.76 0.00065 0.00083 0.00313 0.00081
24.8 0.00081 0.00094 0.00329 0.00081
24.84 0.00055 0.0008 0.00304 0.00073
24.88 0.00084 0.00103 0.00337 0.00095
24.92 0.00071 0.00089 0.00297 0.00063
24.96 0.00065 0.00083 0.00313 0.00081
25 0.00078 0.00094 0.00337 0.00091
25.04 0.00055 0.0008 0.00304 0.00073
25.08 0.00084 0.00103 0.00337 0.00091
25.12 0.00075 0.00086 0.00297 0.00059
25.16 0.00065 0.00083 0.00313 0.00077
25.2 0.00078 0.00094 0.00329 0.00077
25.24 0.00052 0.00077 0.00304 0.00073
25.28 0.00084 0.00106 0.00337 0.00091
25.32 0.00071 0.00089 0.00297 0.00059
25.36 0.00065 0.00083 0.00313 0.00081
25.4 0.00081 0.00094 0.00329 0.00086
25.44 0.00055 0.0008 0.00304 0.00073
25.48 0.00084 0.00103 0.00345 0.00095
25.52 0.00075 0.00089 0.00297 0.00068
25.56 0.00065 0.00086 0.00313 0.00077
25.6 0.00081 0.00094 0.00329 0.00091
25.64 0.00055 0.0008 0.00304 0.00068
25.68 0.00084 0.00103 0.00337 0.001
25.72 0.00075 0.00089 0.00313 0.00059
25.76 0.00065 0.00083 0.00313 0.00081
25.8 0.00081 0.00098 0.00329 0.00081
25.84 0.00055 0.00077 0.00304 0.00063
25.88 0.00084 0.00106 0.00345 0.00095
25.92 0.00078 0.00089 0.00304 0.00063
25.96 0.00065 0.00083 0.00313 0.00081
26 0.00081 0.00094 0.00329 0.00086
26.04 0.00055 0.00077 0.00304 0.00073
26.08 0.00084 0.00103 0.00345 0.001
26.12 0.00075 0.00089 0.00297 0.00063
26.16 0.00065 0.00083 0.00313 0.00091
26.2 0.00081 0.00094 0.00329 0.00086
26.24 0.00055 0.00077 0.00304 0.00073
26.28 0.00084 0.00101 0.00337 0.00095
26.32 0.00071 0.00086 0.00304 0.00063
26.36 0.00065 0.00083 0.00313 0.00077
26.4 0.00081 0.00094 0.00329 0.00081
26.44 0.00052 0.00077 0.00304 0.00073
26.48 0.00081 0.00101 0.00345 0.00086
26.52 0.00075 0.00086 0.00304 0.00059
26.56 0.00065 0.00083 0.00313 0.00081
26.6 0.00078 0.00094 0.00329 0.00086
26.64 0.00055 0.00074 0.00304 0.00073
26.68 0.00084 0.00101 0.00345 0.001
26.72 0.00075 0.00089 0.00304 0.00063
26.76 0.00065 0.00083 0.00313 0.00081
26.8 0.00078 0.00094 0.00329 0.00095
26.84 0.00055 0.00074 0.00304 0.00073
26.88 0.00084 0.00103 0.00345 0.001
26.92 0.00075 0.00089 0.00304 0.00063
26.96 0.00065 0.0008 0.00313 0.00081
27 0.00081 0.00094 0.00329 0.00086
27.04 0.00055 0.0008 0.00304 0.00073
27.08 0.00084 0.00101 0.00345 0.00095
27.12 0.00071 0.00086 0.00304 0.00059
27.16 0.00065 0.00083 0.00313 0.00077
27.2 0.00081 0.00094 0.00329 0.00086
27.24 0.00058 0.00074 0.00304 0.00063
27.28 0.00084 0.00101 0.00345 0.00095
27.32 0.00075 0.00086 0.00304 0.00063
27.36 0.00068 0.00083 0.00313 0.00081
27.4 0.00081 0.00094 0.00337 0.00086
27.44 0.00058 0.00074 0.00304 0.00073
27.48 0.00084 0.00101 0.00345 0.00095
27.52 0.00075 0.00089 0.00304 0.00068
27.56 0.00068 0.00083 0.00313 0.00086
27.6 0.00084 0.00094 0.00329 0.001
27.64 0.00062 0.00074 0.00313 0.00077
27.68 0.00088 0.00101 0.00353 0.00095
27.72 0.00078 0.00089 0.00304 0.00063
27.76 0.00068 0.00083 0.00313 0.00077
27.8 0.00084 0.00094 0.00329 0.00091
27.84 0.00065 0.00074 0.00304 0.00068
27.88 0.00088 0.00101 0.00353 0.001
27.92 0.00081 0.00089 0.00313 0.00063
27.96 0.00071 0.00083 0.00313 0.00077
28 0.00088 0.00098 0.00329 0.00081
28.04 0.00071 0.00074 0.00304 0.00073
28.08 0.00091 0.00101 0.00353 0.001
28.12 0.00084 0.00089 0.00313 0.00063
28.16 0.00078 0.00083 0.00313 0.00081
28.2 0.00091 0.00098 0.00337 0.00086
28.24 0.00068 0.00074 0.00304 0.00073
28.28 0.00098 0.00106 0.00353 0.00104
28.32 0.00091 0.00092 0.00313 0.00063
28.36 0.00084 0.00086 0.00313 0.00081
28.4 0.00104 0.00101 0.00337 0.00095
28.44 0.00084 0.00077 0.00313 0.00073
28.48 0.00108 0.00106 0.00353 0.00109
28.52 0.00104 0.00094 0.00304 0.00073
28.56 0.00098 0.00089 0.00313 0.00077
28.6 0.00114 0.00103 0.00329 0.00091
28.64 0.00098 0.00083 0.00313 0.00073
28.68 0.00124 0.00109 0.00353 0.001
28.72 0.00117 0.00101 0.00313 0.00063
28.76 0.00114 0.00094 0.00313 0.00081
28.8 0.00134 0.00109 0.00329 0.00091
28.84 0.00121 0.00089 0.00313 0.00073
28.88 0.00147 0.00118 0.00353 0.001
28.92 0.00144 0.00106 0.00313 0.00063
28.96 0.00144 0.00103 0.00313 0.00077
29 0.00164 0.00121 0.00337 0.00086
29.04 0.00157 0.00101 0.00304 0.00068
29.08 0.00187 0.0013 0.00353 0.001
29.12 0.0019 0.00121 0.00313 0.00059
29.16 0.0019 0.00121 0.00313 0.00073
29.2 0.00216 0.00136 0.00337 0.00081
29.24 0.0021 0.00115 0.00313 0.00068
29.28 0.00243 0.00148 0.00361 0.00095
29.32 0.00253 0.00142 0.00304 0.00068
29.36 0.00259 0.00142 0.00313 0.00077
29.4 0.00292 0.0016 0.00337 0.00086
29.44 0.00292 0.00145 0.00313 0.00073
29.48 0.00335 0.00178 0.00361 0.001
29.52 0.00352 0.00175 0.00313 0.00068
29.56 0.00365 0.00178 0.00313 0.00081
29.6 0.00402 0.00201 0.00337 0.00091
29.64 0.00411 0.00187 0.00313 0.00073
29.68 0.00461 0.00225 0.00361 0.001
29.72 0.00488 0.00228 0.00313 0.00073
29.76 0.00511 0.00237 0.00313 0.00081
29.8 0.00561 0.00261 0.00337 0.00095
29.84 0.00578 0.00255 0.00313 0.00073
29.88 0.00637 0.00299 0.00361 0.00109
29.92 0.00671 0.00308 0.00313 0.00063
29.96 0.00704 0.00323 0.00313 0.00086
30 0.00764 0.00359 0.00337 0.00081
30.04 0.00791 0.00356 0.00313 0.00073
30.08 0.00861 0.00412 0.00369 0.00095
30.12 0.00904 0.00433 0.00313 0.00068
30.16 0.00951 0.00457 0.00321 0.00086
30.2 0.01015 0.00502 0.00337 0.00091
30.24 0.01045 0.00511 0.00313 0.00073
30.28 0.01119 0.0058 0.00369 0.00095
30.32 0.01166 0.0061 0.00321 0.00059
30.36 0.01206 0.00646 0.00321 0.00081
30.4 0.0127 0.00705 0.00345 0.00081
30.44 0.01301 0.00732 0.00321 0.00063
30.48 0.01368 0.00814 0.00377 0.001
30.52 0.01412 0.00859 0.00321 0.00063
30.56 0.01436 0.00913 0.00329 0.00077
30.6 0.01473 0.00985 0.00353 0.00091
30.64 0.01466 0.01027 0.00329 0.00073
30.68 0.015 0.01115 0.00385 0.00095
30.72 0.01503 0.01169 0.00337 0.00063
30.76 0.01507 0.01224 0.00337 0.00081
30.8 0.0153 0.01294 0.00361 0.00095
30.84 0.0152 0.01318 0.00337 0.00077
30.88 0.01547 0.01382 0.00393 0.00095
30.92 0.01554 0.01412 0.00353 0.00068
30.96 0.01547 0.01455 0.00353 0.00073
31 0.01561 0.01534 0.00385 0.00091
31.04 0.01541 0.01579 0.00369 0.00073
31.08 0.01558 0.01674 0.00426 0.00095
31.12 0.01544 0.01736 0.00385 0.00063
31.16 0.01527 0.018 0.00393 0.00077
31.2 0.01534 0.01879 0.00426 0.00081
31.24 0.01503 0.01929 0.00409 0.00068
31.28 0.0151 0.02009 0.00466 0.00091
31.32 0.0149 0.02058 0.00434 0.00068
31.36 0.01453 0.02101 0.00434 0.00077
31.4 0.01429 0.0216 0.00474 0.00091
31.44 0.01351 0.02172 0.00474 0.00073
31.48 0.01318 0.02227 0.00539 0.001
31.52 0.0127 0.02243 0.00498 0.00068
31.56 0.01213 0.02258 0.00507 0.00073
31.6 0.0119 0.02286 0.00555 0.00091
31.64 0.01122 0.02274 0.00547 0.00073
31.68 0.01099 0.02302 0.0062 0.00104
31.72 0.01059 0.02292 0.00588 0.00073
31.76 0.01008 0.02283 0.00604 0.00081
31.8 0.00985 0.02289 0.00653 0.00091
31.84 0.00928 0.02265 0.00653 0.00077
31.88 0.00914 0.02277 0.00726 0.001
31.92 0.00881 0.02255 0.0071 0.00073
31.96 0.00841 0.02234 0.00742 0.00081
32 0.00828 0.02221 0.00799 0.00091
32.04 0.00778 0.0215 0.00815 0.00073
32.08 0.00774 0.02104 0.00905 0.00095
32.12 0.00747 0.02021 0.00905 0.00073
32.16 0.00717 0.01938 0.00946 0.00077
32.2 0.00714 0.01879 0.0102 0.00081
32.24 0.00671 0.01781 0.0106 0.00063
32.28 0.00677 0.01723 0.01159 0.00091
32.32 0.00657 0.01629 0.01175 0.00073
32.36 0.00631 0.0154 0.01233 0.00081
32.4 0.00634 0.01467 0.01315 0.00091
32.44 0.00597 0.01357 0.01356 0.00077
32.48 0.00607 0.01287 0.0148 0.00095
32.52 0.00594 0.01188 0.01497 0.00073
32.56 0.00574 0.01091 0.01555 0.00081
32.6 0.00578 0.01003 0.01646 0.001
32.64 0.00544 0.00889 0.01696 0.00073
32.68 0.00557 0.00801 0.0182 0.001
32.72 0.00541 0.00684 0.01829 0.00068
32.76 0.00521 0.00559 0.01887 0.00086
32.8 0.00524 0.00457 0.01987 0.00095
32.84 0.00488 0.00329 0.02012 0.00081
32.88 0.00498 0.00246 0.02113 0.001
32.92 0.00481 0.00139 0.02096 0.00073
32.96 0.00461 0.00027 0.02104 0.00091
33 0.00455 -0.00074 0.02171 0.00091
33.04 0.00415 -0.00206 0.0218 0.00077
33.08 0.00415 -0.00297 0.02263 0.00086
33.12 0.00392 -0.00409 0.02247 0.00077
33.16 0.00355 -0.00532 0.02255 0.00086
33.2 0.00345 -0.00637 0.02297 0.001
33.24 0.00296 -0.00768 0.02272 0.00081
33.28 0.00286 -0.00852 0.02322 0.00104
33.32 0.00253 -0.00948 0.02263 0.00081
33.36 0.00207 -0.01038 0.02247 0.00086
33.4 0.0018 -0.01098 0.02255 0.00095
33.44 0.00117 -0.01176 0.02196 0.00073
33.48 0.00094 -0.01208 0.02222 0.001
33.52 0.00048 -0.01254 0.02138 0.00077
33.56 -0.00011 -0.01291 0.02088 0.00091
33.6 -0.00047 -0.01294 0.02079 0.00104
33.64 -0.00126 -0.01314 0.01979 0.00081
33.68 -0.00162 -0.01294 0.01979 0.00104
33.72 -0.00224 -0.01291 0.01862 0.00081
33.76 -0.00293 -0.01288 0.01779 0.00095
33.8 -0.00332 -0.01262 0.01721 0.00109
33.84 -0.00414 -0.0126 0.01588 0.00091
33.88 -0.00456 -0.01216 0.01538 0.00113
33.92 -0.00518 -0.01196 0.01381 0.00091
33.96 -0.00586 -0.0117 0.01249 0.00104
34 -0.00628 -0.01124 0.01175 0.00118
34.04 -0.007 -0.01104 0.01052 0.00104
34.08 -0.00729 -0.01049 0.01011 0.00127
34.12 -0.00774 -0.01017 0.00864 0.00104
34.16 -0.00832 -0.00985 0.0075 0.00118
34.2 -0.00858 -0.00931 0.00669 0.00132
34.24 -0.00923 -0.00904 0.00547 0.00118
34.28 -0.00935 -0.00846 0.00523 0.00146
34.32 -0.00965 -0.00814 0.00369 0.00123
34.36 -0.01 -0.00791 0.00256 0.00141
34.4 -0.01006 -0.00751 0.00192 0.00159
34.44 -0.01045 -0.00742 0.00055 0.00146
34.48 -0.01032 -0.00701 0.00023 0.00178
34.52 -0.01032 -0.00684 -0.00121 0.00159
34.56 -0.01045 -0.00666 -0.00208 0.00173
34.6 -0.01026 -0.00634 -0.00256 0.00201
34.64 -0.01045 -0.00631 -0.0036 0.00187
34.68 -0.01016 -0.00599 -0.00368 0.00219
34.72 -0.01003 -0.00596 -0.00471 0.00205
34.76 -0.01006 -0.00596 -0.00542 0.00233
34.8 -0.00987 -0.00573 -0.00558 0.00261
34.84 -0.01003 -0.00585 -0.00637 0.00252
34.88 -0.00977 -0.00561 -0.00621 0.00293
34.92 -0.00974 -0.0057 -0.00692 0.00284
34.96 -0.00974 -0.00582 -0.00732 0.00317
35 -0.00961 -0.00573 -0.00739 0.0034
35.04 -0.00974 -0.00593 -0.00802 0.0034
35.08 -0.00945 -0.00582 -0.00771 0.00396
35.12 -0.00932 -0.00593 -0.00826 0.00386
35.16 -0.00932 -0.00611 -0.00849 0.00424
35.2 -0.00906 -0.00608 -0.00834 0.00466
35.24 -0.00919 -0.0064 -0.00873 0.0048
35.28 -0.0089 -0.00637 -0.00826 0.00542
35.32 -0.00881 -0.0066 -0.00865 0.00547
35.36 -0.00884 -0.00686 -0.00873 0.00589
35.4 -0.00864 -0.00686 -0.00842 0.00646
35.44 -0.00884 -0.00725 -0.00873 0.00666
35.48 -0.00855 -0.00725 -0.00802 0.00738
35.52 -0.00845 -0.00748 -0.00826 0.00761
35.56 -0.00848 -0.00777 -0.00834 0.00815
35.6 -0.00829 -0.00785 -0.00794 0.00878
35.64 -0.00842 -0.00826 -0.00826 0.00907
35.68 -0.00816 -0.00832 -0.00747 0.00995
35.72 -0.0081 -0.00852 -0.00779 0.01058
35.76 -0.00813 -0.00884 -0.00779 0.01147
35.8 -0.00797 -0.0089 -0.00739 0.01207
35.84 -0.0081 -0.00928 -0.00771 0.01231
35.88 -0.00784 -0.00925 -0.00692 0.01316
35.92 -0.00774 -0.00945 -0.00716 0.01356
35.96 -0.00777 -0.00971 -0.00708 0.01407
36 -0.00758 -0.00971 -0.00668 0.01457
36.04 -0.00771 -0.01 -0.00692 0.01447
36.08 -0.00745 -0.00997 -0.00621 0.01513
36.12 -0.00732 -0.01009 -0.00637 0.01488
36.16 -0.00732 -0.01023 -0.00629 0.01523
36.2 -0.00713 -0.01014 -0.00582 0.01584
36.24 -0.00722 -0.01041 -0.00605 0.01615
36.28 -0.00693 -0.01023 -0.00518 0.01692
36.32 -0.0068 -0.01026 -0.00542 0.01681
36.36 -0.0068 -0.01032 -0.00542 0.01707
36.4 -0.00657 -0.01017 -0.00494 0.01743
36.44 -0.00667 -0.01029 -0.0051 0.01743
36.48 -0.00632 -0.01003 -0.00431 0.01779
36.52 -0.00615 -0.00994 -0.00439 0.01758
36.56 -0.00615 -0.00991 -0.00431 0.01753
36.6 -0.00593 -0.00965 -0.00383 0.01769
36.64 -0.00602 -0.00965 -0.00407 0.01743
36.68 -0.00576 -0.00928 -0.0032 0.01764
36.72 -0.00557 -0.00907 -0.00336 0.01733
36.76 -0.00563 -0.0089 -0.00328 0.01728
36.8 -0.00537 -0.00849 -0.00272 0.01722
36.84 -0.00544 -0.00841 -0.00312 0.01671
36.88 -0.00511 -0.00791 -0.00232 0.01666
36.92 -0.00498 -0.00762 -0.00248 0.01564
36.96 -0.00498 -0.00736 -0.00248 0.01508
37 -0.00475 -0.00689 -0.00201 0.01432
37.04 -0.00485 -0.00672 -0.00232 0.01351
37.08 -0.00453 -0.00614 -0.00145 0.01262
37.12 -0.0044 -0.00579 -0.00161 0.01098
37.16 -0.00443 -0.0055 -0.00153 0.01009
37.2 -0.0042 -0.005 -0.00121 0.00917
37.24 -0.00433 -0.00479 -0.00153 0.008
37.28 -0.00404 -0.00424 -0.00073 0.00723
37.32 -0.00394 -0.00386 -0.00089 0.00585
37.36 -0.00397 -0.00359 -0.00097 0.00485
37.4 -0.00378 -0.00309 -0.00057 0.00415
37.44 -0.00391 -0.00295 -0.00097 0.00321
37.48 -0.00371 -0.00242 -0.00017 0.00265
37.52 -0.00365 -0.00206 -0.00049 0.00141
37.56 -0.00371 -0.00186 -0.00057 0.00045
37.6 -0.00351 -0.00136 -0.00017 -0.00046
37.64 -0.00368 -0.00124 -0.00065 -0.00162
37.68 -0.00342 -0.00071 0.00007 -0.00216
37.72 -0.00335 -0.00041 -0.00017 -0.00305
37.76 -0.00348 -0.00021 -0.00025 -0.0038
37.8 -0.00332 0.00018 0.00007 -0.00467
37.84 -0.00348 0.00021 -0.00049 -0.00558
37.88 -0.00329 0.00062 0.00031 -0.00606
37.92 -0.00315 0.00083 -0.00001 -0.00713
37.96 -0.00322 0.00092 -0.00017 -0.0081
38 -0.00303 0.00118 0.00023 -0.00881
38.04 -0.00322 0.00109 -0.00033 -0.00953
38.08 -0.00303 0.00136 0.00039 -0.00994
38.12 -0.00296 0.00139 0.00007 -0.01072
38.16 -0.00309 0.00136 -0.00009 -0.01117
38.2 -0.00286 0.00148 0.00015 -0.0113
38.24 -0.00306 0.00127 -0.00033 -0.0117
38.28 -0.00283 0.00145 0.00047 -0.01163
38.32 -0.00273 0.00142 0.00007 -0.01199
38.36 -0.0028 0.00127 -0.00009 -0.01203
38.4 -0.00257 0.00133 0.00031 -0.01187
38.44 -0.00276 0.00103 -0.00025 -0.01191
38.48 -0.0025 0.00112 0.00055 -0.01134
38.52 -0.0024 0.00103 0.00023 -0.01138
38.56 -0.00247 0.0008 0.00015 -0.01109
38.6 -0.00221 0.00077 0.00047 -0.01072
38.64 -0.00244 0.00041 -0.00001 -0.01044
38.68 -0.00218 0.00041 0.00079 -0.00986
38.72 -0.00208 0.00023 0.00063 -0.00977
38.76 -0.00214 -0.00003 0.00055 -0.0094
38.8 -0.00191 -0.00018 0.00095 -0.00894
38.84 -0.00214 -0.00059 0.00055 -0.00856
38.88 -0.00191 -0.00068 0.00127 -0.00785
38.92 -0.00181 -0.00092 0.00119 -0.00768
38.96 -0.00194 -0.0013 0.00127 -0.00725
39 -0.00172 -0.00148 0.00168 -0.0067
39.04 -0.00194 -0.00186 0.00127 -0.00649
39.08 -0.00175 -0.00201 0.00216 -0.00588
39.12 -0.00172 -0.00224 0.002 -0.00588
39.16 -0.00188 -0.00259 0.00192 -0.00554
39.2 -0.00165 -0.00274 0.0024 -0.00506
39.24 -0.00194 -0.00318 0.00192 -0.00485
39.28 -0.00178 -0.00318 0.00272 -0.00436
39.32 -0.00172 -0.00336 0.00256 -0.00423
39.36 -0.00188 -0.00365 0.00256 -0.00406
39.4 -0.00168 -0.00374 0.00297 -0.00375
39.44 -0.00198 -0.00409 0.00248 -0.00353
39.48 -0.00181 -0.00406 0.00329 -0.00305
39.52 -0.00178 -0.00418 0.00313 -0.00305
39.56 -0.00191 -0.00444 0.00313 -0.003
39.6 -0.00175 -0.00447 0.00353 -0.00261
39.64 -0.00205 -0.00473 0.00313 -0.00252
39.68 -0.00188 -0.00471 0.00401 -0.00212
39.72 -0.00185 -0.00476 0.00385 -0.00225
39.76 -0.00198 -0.00494 0.00377 -0.00212
39.8 -0.00175 -0.00491 0.00418 -0.00189
39.84 -0.00208 -0.00515 0.00361 -0.00189
39.88 -0.00191 -0.005 0.0045 -0.00154
39.92 -0.00185 -0.00497 0.00426 -0.0016
39.96 -0.00201 -0.00509 0.00409 -0.00167
40 -0.00178 -0.00497 0.00442 -0.00144
40.04 -0.00211 -0.00509 0.00393 -0.00144
40.08 -0.00194 -0.00485 0.00458 -0.00109
40.12 -0.00191 -0.00473 0.00426 -0.00127
40.16 -0.00208 -0.00473 0.00409 -0.00127
40.2 -0.00185 -0.00453 0.00442 -0.00104
40.24 -0.00218 -0.00456 0.00385 -0.00109
40.28 -0.00205 -0.00427 0.00442 -0.00091
40.32 -0.00205 -0.00406 0.00401 -0.00109
40.36 -0.00221 -0.00403 0.00385 -0.00113
40.4 -0.00201 -0.00374 0.00409 -0.00086
40.44 -0.00234 -0.00374 0.00345 -0.00095
40.48 -0.00221 -0.00339 0.00401 -0.00064
40.52 -0.00218 -0.00315 0.00361 -0.00091
40.56 -0.00234 -0.00306 0.00329 -0.00086
40.6 -0.00218 -0.00274 0.00337 -0.00064
40.64 -0.00247 -0.00274 0.00264 -0.00082
40.68 -0.00237 -0.00233 0.00313 -0.0005
40.72 -0.00227 -0.00206 0.00272 -0.00077
40.76 -0.00244 -0.00198 0.00232 -0.00077
40.8 -0.00218 -0.00162 0.00248 -0.00068
40.84 -0.00244 -0.00159 0.00176 -0.00068
40.88 -0.00224 -0.00121 0.00208 -0.00046
40.92 -0.00214 -0.00098 0.0016 -0.00073
40.96 -0.00224 -0.00089 0.00119 -0.00068
41 -0.00194 -0.00056 0.00127 -0.0005
41.04 -0.00218 -0.00056 0.00063 -0.00064
41.08 -0.00198 -0.00027 0.00087 -0.00037
41.12 -0.00181 -0.00009 0.00039 -0.00059
41.16 -0.00188 -0.00012 -0.00001 -0.00073
41.2 -0.00152 0.00009 -0.00001 -0.00055
41.24 -0.00168 0 -0.00057 -0.00068
41.28 -0.00145 0.00027 -0.00033 -0.00027
41.32 -0.00119 0.00038 -0.00073 -0.00055
41.36 -0.00119 0.00032 -0.00105 -0.00059
41.4 -0.0008 0.00053 -0.00089 -0.00046
41.44 -0.00096 0.00041 -0.00145 -0.00068
41.48 -0.00067 0.00068 -0.00105 -0.00037
41.52 -0.00041 0.00077 -0.00137 -0.00059
41.56 -0.00044 0.00074 -0.00169 -0.00068
41.6 -0.00004 0.00098 -0.00145 -0.00055
41.64 -0.00021 0.00086 -0.00193 -0.00068
41.68 0.00005 0.00109 -0.00145 -0.00037
41.72 0.00025 0.00121 -0.00169 -0.00068
41.76 0.00022 0.00118 -0.00184 -0.00073
41.8 0.00062 0.00142 -0.00161 -0.00064
41.84 0.00042 0.0013 -0.00193 -0.00082
41.88 0.00068 0.00154 -0.00137 -0.00055
41.92 0.00088 0.00169 -0.00153 -0.00082
41.96 0.00084 0.0016 -0.00161 -0.00095
42 0.00117 0.00183 -0.00129 -0.00082
42.04 0.00098 0.00166 -0.00153 -0.00104
42.08 0.00121 0.00189 -0.00097 -0.00082
42.12 0.00137 0.00201 -0.00097 -0.00104
42.16 0.00134 0.00192 -0.00105 -0.00118
42.2 0.00173 0.00216 -0.00057 -0.00113
42.24 0.00154 0.00198 -0.00081 -0.00131
42.28 0.00177 0.00219 -0.00009 -0.00104
42.32 0.00193 0.00228 -0.00017 -0.00136
42.36 0.00193 0.00219 -0.00009 -0.0014
42.4 0.0023 0.00237 0.00039 -0.00131
42.44 0.0021 0.00216 0.00023 -0.00167
42.48 0.00233 0.00231 0.00087 -0.00131
42.52 0.00253 0.00237 0.00087 -0.00158
42.56 0.00249 0.00222 0.00087 -0.00172
42.6 0.00283 0.00237 0.00136 -0.00162
42.64 0.00263 0.00213 0.00119 -0.00185
42.68 0.00286 0.00228 0.00184 -0.00154
42.72 0.00302 0.00231 0.00184 -0.0018
42.76 0.00292 0.00219 0.00176 -0.00198
42.8 0.00326 0.00234 0.00224 -0.00185
42.84 0.00299 0.00213 0.002 -0.00207
42.88 0.00319 0.00228 0.00256 -0.00167
42.92 0.00329 0.00243 0.00248 -0.00203
42.96 0.00319 0.00237 0.00248 -0.00198
43 0.00345 0.00261 0.0028 -0.0018
43.04 0.00315 0.00252 0.00248 -0.00212
43.08 0.00329 0.00279 0.00297 -0.00172
43.12 0.00335 0.00299 0.00288 -0.00207
43.16 0.00319 0.00302 0.00272 -0.00203
43.2 0.00345 0.00335 0.00297 -0.00185
43.24 0.00309 0.00326 0.00256 -0.00212
43.28 0.00326 0.00356 0.00313 -0.00167
43.32 0.00332 0.00377 0.00297 -0.00189
43.36 0.00315 0.00377 0.00272 -0.00194
43.4 0.00339 0.00407 0.00304 -0.0018
43.44 0.00309 0.00392 0.00256 -0.00198
43.48 0.00315 0.00415 0.00304 -0.00158
43.52 0.00322 0.00427 0.0028 -0.0018
43.56 0.00306 0.00421 0.00264 -0.0018
43.6 0.00329 0.00439 0.00288 -0.00162
43.64 0.00296 0.00415 0.00232 -0.0018
43.68 0.00306 0.0043 0.00272 -0.00136
43.72 0.00306 0.00436 0.00248 -0.00158
43.76 0.00286 0.00421 0.00216 -0.00158
43.8 0.00309 0.00433 0.0024 -0.0014
43.84 0.00272 0.00404 0.00176 -0.00162
43.88 0.00276 0.00412 0.00224 -0.00127
43.92 0.00272 0.00409 0.00192 -0.00127
43.96 0.00249 0.00389 0.00152 -0.00136
44 0.00263 0.00397 0.00168 -0.00113
44.04 0.00223 0.00365 0.00112 -0.00131
44.08 0.00223 0.00368 0.00136 -0.001
44.12 0.00216 0.00362 0.00112 -0.00109
44.16 0.00187 0.00338 0.00079 -0.00113
44.2 0.00193 0.00344 0.00103 -0.00095
44.24 0.00144 0.00305 0.00039 -0.00118
44.28 0.00137 0.00308 0.00087 -0.00064
44.32 0.00124 0.00299 0.00071 -0.00077
44.36 0.00091 0.00269 0.00047 -0.00073
44.4 0.00094 0.00272 0.00079 -0.00055
44.44 0.00042 0.00228 0.00039 -0.00064
44.48 0.00029 0.00222 0.00087 -0.00027
44.52 0.00016 0.00207 0.00079 -0.00032
44.56 -0.00024 0.00175 0.00071 -0.00037
44.6 -0.00024 0.00169 0.00119 -0.00005
44.64 -0.00077 0.00118 0.00087 -0.00019
44.68 -0.00086 0.00103 0.00152 0.00036
44.72 -0.00106 0.00083 0.0016 0.00022
44.76 -0.00145 0.00038 0.00152 0.00031
44.8 -0.00145 0.00027 0.002 0.00059
44.84 -0.00198 -0.00027 0.00176 0.00041
44.88 -0.00208 -0.0005 0.0024 0.00104
44.92 -0.00224 -0.0008 0.00248 0.00095
44.96 -0.0026 -0.00127 0.0024 0.00104
45 -0.00257 -0.00142 0.00297 0.00137
45.04 -0.00303 -0.00204 0.00272 0.00127
45.08 -0.00312 -0.00224 0.00337 0.00187
45.12 -0.00322 -0.00248 0.00353 0.00192
45.16 -0.00351 -0.00297 0.00361 0.00201
45.2 -0.00345 -0.00312 0.00418 0.00229
45.24 -0.00381 -0.00371 0.00393 0.00229
45.28 -0.00384 -0.00389 0.00474 0.00293
45.32 -0.00387 -0.00412 0.0049 0.00289
45.36 -0.00417 -0.00453 0.0049 0.00293
45.4 -0.00404 -0.00459 0.00555 0.00331
45.44 -0.0044 -0.00511 0.00523 0.00326
45.48 -0.0044 -0.0052 0.00596 0.00386
45.52 -0.00436 -0.00538 0.00612 0.00377
45.56 -0.00456 -0.00573 0.00612 0.00391
45.6 -0.0044 -0.0057 0.00669 0.00433
45.64 -0.00466 -0.00617 0.00636 0.00419
45.68 -0.00459 -0.0062 0.0071 0.00476
45.72 -0.00446 -0.00631 0.00717 0.00471
45.76 -0.00462 -0.00654 0.00717 0.0048
45.8 -0.0044 -0.00649 0.00766 0.00514
45.84 -0.00459 -0.00684 0.00726 0.00499
45.88 -0.00443 -0.00681 0.00791 0.00547
45.92 -0.00426 -0.00684 0.00791 0.00532
45.96 -0.0043 -0.00698 0.00774 0.00537
46 -0.00404 -0.00681 0.00815 0.00566
46.04 -0.00417 -0.0071 0.00766 0.00532
46.08 -0.00397 -0.00695 0.00815 0.00585
46.12 -0.00378 -0.00686 0.00807 0.00561
46.16 -0.00378 -0.00695 0.00783 0.00556
46.2 -0.00345 -0.00663 0.00815 0.0057
46.24 -0.00355 -0.00678 0.00758 0.00542
46.28 -0.00326 -0.00652 0.00799 0.00575
46.32 -0.00303 -0.00628 0.00799 0.00542
46.36 -0.00299 -0.00622 0.00766 0.00523
46.4 -0.00263 -0.00579 0.00791 0.00537
46.44 -0.00267 -0.00579 0.00734 0.00485
46.48 -0.0024 -0.00541 0.00774 0.00523
46.52 -0.00214 -0.00506 0.00758 0.00476
46.56 -0.00211 -0.00488 0.00717 0.00457
46.6 -0.00175 -0.00436 0.0075 0.00452
46.64 -0.00181 -0.00429 0.00677 0.00401
46.68 -0.00158 -0.00386 0.0071 0.00424
46.72 -0.00136 -0.00344 0.00685 0.00386
46.76 -0.00136 -0.00324 0.00653 0.00354
46.8 -0.00106 -0.00268 0.00669 0.00335
46.84 -0.00116 -0.00262 0.00604 0.00293
46.88 -0.00096 -0.00218 0.00628 0.00307
46.92 -0.00077 -0.00177 0.00604 0.00261
46.96 -0.00083 -0.00159 0.00563 0.00224
47 -0.00054 -0.00103 0.00563 0.00219
47.04 -0.00073 -0.00101 0.00498 0.00169
47.08 -0.0006 -0.00056 0.00515 0.00178
47.12 -0.00047 -0.00018 0.00482 0.00137
47.16 -0.0006 -0.00003 0.00434 0.001
47.2 -0.00041 0.00044 0.00434 0.00095
47.24 -0.0006 0.00044 0.00353 0.00041
47.28 -0.00047 0.00083 0.00369 0.00059
47.32 -0.00041 0.00115 0.00337 0.00009
47.36 -0.00054 0.00124 0.0028 -0.00014
47.4 -0.0003 0.00169 0.00288 -0.00023
47.44 -0.0005 0.00163 0.00216 -0.00082
47.48 -0.00041 0.00192 0.00248 -0.00064
47.52 -0.0003 0.0021 0.00224 -0.001
47.56 -0.00041 0.0021 0.00176 -0.00131
47.6 -0.00021 0.0024 0.00184 -0.00131
47.64 -0.00041 0.00222 0.00119 -0.00185
47.68 -0.0003 0.00234 0.00144 -0.00158
47.72 -0.00024 0.00246 0.00127 -0.00198
47.76 -0.00037 0.00231 0.00087 -0.00221
47.8 -0.00014 0.00252 0.00095 -0.00212
47.84 -0.00034 0.00222 0.00031 -0.00256
47.88 -0.00021 0.00228 0.00063 -0.00225
47.92 -0.00011 0.00228 0.00047 -0.00247
47.96 -0.00017 0.00207 0.00007 -0.00261
48 0.00005 0.00222 0.00031 -0.00247
48.04 -0.00004 0.00183 -0.00041 -0.00283
48.08 0.00005 0.00187 -0.00001 -0.00256
48.12 0.00022 0.00183 -0.00009 -0.00265
48.16 0.00016 0.0016 -0.00041 -0.00269
48.2 0.00045 0.00172 -0.00017 -0.00252
48.24 0.00035 0.00133 -0.00073 -0.00278
48.28 0.00052 0.00133 -0.00033 -0.00238
48.32 0.00075 0.0013 -0.00041 -0.00252
48.36 0.00071 0.00109 -0.00065 -0.00256
48.4 0.00104 0.00121 -0.00041 -0.00234
48.44 0.00098 0.00089 -0.00089 -0.00256
48.48 0.00117 0.00094 -0.00041 -0.00212
48.52 0.00141 0.00098 -0.00041 -0.00225
48.56 0.00141 0.00083 -0.00057 -0.00221
48.6 0.00173 0.00106 -0.00025 -0.00203
48.64 0.00167 0.0008 -0.00073 -0.00225
48.68 0.0019 0.00094 -0.00017 -0.0018
48.72 0.00216 0.00106 -0.00009 -0.00189
48.76 0.00216 0.00101 -0.00017 -0.00194
48.8 0.00253 0.00133 0.00023 -0.00162
48.84 0.00249 0.00115 -0.00017 -0.00194
48.88 0.00269 0.00136 0.00039 -0.00144
48.92 0.00296 0.00154 0.00055 -0.00158
48.96 0.00292 0.00157 0.00047 -0.00158
49 0.00329 0.00192 0.00087 -0.00136
49.04 0.00322 0.0018 0.00047 -0.00158
49.08 0.00339 0.00207 0.00112 -0.00118
49.12 0.00362 0.00231 0.00127 -0.00118
49.16 0.00362 0.00237 0.00119 -0.00122
49.2 0.00395 0.00279 0.0016 -0.001
49.24 0.00385 0.00272 0.00112 -0.00136
49.28 0.00405 0.00305 0.00184 -0.00086
49.32 0.00428 0.00332 0.00192 -0.00095
49.36 0.00422 0.00341 0.00184 -0.001
49.4 0.00455 0.00386 0.00224 -0.00077
49.44 0.00445 0.00386 0.00192 -0.00109
49.48 0.00461 0.00418 0.00248 -0.00068
49.52 0.00481 0.00451 0.00256 -0.00077
49.56 0.00475 0.00466 0.0024 -0.00091
49.6 0.00504 0.00514 0.0028 -0.00077
49.64 0.00491 0.00514 0.00224 -0.00104
49.68 0.00504 0.00553 0.00288 -0.00068
49.72 0.00518 0.00583 0.00297 -0.00091
49.76 0.00508 0.00592 0.00272 -0.001
49.8 0.00534 0.00643 0.00304 -0.00082
49.84 0.00511 0.00631 0.00264 -0.00131
49.88 0.00524 0.00661 0.00304 -0.00095
49.92 0.00534 0.00684 0.00313 -0.00118
49.96 0.00521 0.00684 0.00288 -0.0014
50 0.00538 0.00717 0.00313 -0.00118
50.04 0.00518 0.00703 0.00264 -0.00158
50.08 0.00521 0.00721 0.00313 -0.00131
50.12 0.00534 0.00732 0.00313 -0.00149
50.16 0.00511 0.00723 0.00288 -0.00172
50.2 0.00528 0.00747 0.00313 -0.00162
50.24 0.00504 0.00723 0.00264 -0.00203
50.28 0.00508 0.00732 0.00304 -0.00172
50.32 0.00515 0.00739 0.00304 -0.00194
50.36 0.00498 0.00721 0.00272 -0.00212
50.4 0.00518 0.00735 0.00288 -0.00203
50.44 0.00494 0.00708 0.0024 -0.00247
50.48 0.00498 0.00711 0.00272 -0.00207
50.52 0.00504 0.00708 0.0028 -0.00247
50.56 0.00488 0.00684 0.00248 -0.00261
50.6 0.00504 0.00693 0.00256 -0.00252
50.64 0.00481 0.00657 0.00208 -0.00287
50.68 0.00481 0.00651 0.0024 -0.00269
50.72 0.00491 0.00643 0.0024 -0.00291
50.76 0.00475 0.00613 0.00208 -0.00314
50.8 0.00494 0.00618 0.00208 -0.00305
50.84 0.00471 0.00574 0.0016 -0.00349
50.88 0.00475 0.00562 0.002 -0.00327
50.92 0.00485 0.0055 0.00192 -0.00358
50.96 0.00471 0.0052 0.0016 -0.00371
51 0.00491 0.00514 0.00176 -0.00366
51.04 0.00468 0.00475 0.00119 -0.00388
51.08 0.00471 0.00466 0.00176 -0.00371
51.12 0.00478 0.00457 0.0016 -0.00393
51.16 0.00461 0.00427 0.00127 -0.00406
51.2 0.00481 0.00433 0.00144 -0.00388
51.24 0.00455 0.00397 0.00103 -0.00419
51.28 0.00455 0.00392 0.00144 -0.00397
51.32 0.00461 0.00389 0.00152 -0.00406
51.36 0.00441 0.00365 0.00127 -0.0041
51.4 0.00458 0.00377 0.00144 -0.00397
51.44 0.00435 0.0035 0.00103 -0.00415
51.48 0.00432 0.00353 0.0016 -0.00393
51.52 0.00435 0.00359 0.00168 -0.00397
51.56 0.00415 0.00344 0.00152 -0.00402
51.6 0.00428 0.00362 0.00176 -0.00384
51.64 0.00402 0.00341 0.00144 -0.00397
51.68 0.00395 0.0035 0.00192 -0.00375
51.72 0.00395 0.00356 0.00216 -0.0038
51.76 0.00372 0.00344 0.00192 -0.00393
51.8 0.00388 0.00359 0.00224 -0.00358
51.84 0.00358 0.00338 0.002 -0.0038
51.88 0.00355 0.00341 0.00256 -0.00353
51.92 0.00358 0.00344 0.00272 -0.00349
51.96 0.00335 0.00326 0.00256 -0.00353
52 0.00352 0.00341 0.0028 -0.00327
52.04 0.00326 0.00314 0.00264 -0.0034
52.08 0.00322 0.00314 0.00321 -0.003
52.12 0.00329 0.00317 0.00337 -0.003
52.16 0.00309 0.00296 0.00329 -0.00291
52.2 0.00329 0.00302 0.00369 -0.00265
52.24 0.00302 0.00279 0.00345 -0.00274
52.28 0.00302 0.00279 0.00409 -0.00234
52.32 0.00312 0.00276 0.00434 -0.00225
52.36 0.00292 0.00252 0.00418 -0.00221
52.4 0.00312 0.00258 0.00466 -0.00194
52.44 0.00286 0.00225 0.00434 -0.00194
52.48 0.00283 0.00222 0.0049 -0.00154
52.52 0.00289 0.00216 0.00515 -0.00144
52.56 0.00269 0.00192 0.00498 -0.00144
52.6 0.00286 0.00198 0.00539 -0.001
52.64 0.00259 0.00169 0.00507 -0.00113
52.68 0.00256 0.00166 0.00563 -0.00073
52.72 0.00263 0.00169 0.00579 -0.00064
52.76 0.00243 0.00145 0.00563 -0.00068
52.8 0.00263 0.00157 0.00596 -0.00037
52.84 0.0024 0.0013 0.00555 -0.0005
52.88 0.00233 0.0013 0.00612 -0.00009
52.92 0.0024 0.00133 0.00628 0
52.96 0.0022 0.00115 0.00612 -0.00009
53 0.00236 0.00127 0.00644 0.00022
53.04 0.0021 0.00103 0.00596 0.00004
53.08 0.00207 0.00106 0.00653 0.0005
53.12 0.00213 0.00109 0.00661 0.00045
53.16 0.00197 0.00094 0.00636 0.00041
53.2 0.00216 0.00106 0.00669 0.00063
53.24 0.0019 0.00083 0.00604 0.0005
53.28 0.0019 0.00089 0.00661 0.00081
53.32 0.002 0.00092 0.00669 0.00081
53.36 0.00183 0.0008 0.00636 0.00077
53.4 0.00207 0.00094 0.00669 0.001
53.44 0.00183 0.00077 0.00612 0.00077
53.48 0.0018 0.00086 0.00661 0.001
53.52 0.00193 0.00101 0.00669 0.00095
53.56 0.00177 0.00092 0.00628 0.00091
53.6 0.002 0.00115 0.00661 0.00109
53.64 0.00173 0.00106 0.00604 0.00086
53.68 0.00173 0.00124 0.00636 0.00109
53.72 0.00187 0.00142 0.00644 0.00104
53.76 0.0017 0.00142 0.00596 0.00081
53.8 0.00193 0.00172 0.00628 0.00091
53.84 0.0017 0.00169 0.00563 0.00068
53.88 0.0017 0.00187 0.00588 0.00091
53.92 0.0018 0.00213 0.00588 0.00081
53.96 0.00164 0.00216 0.00547 0.00059
54 0.00187 0.00249 0.00563 0.00068
54.04 0.00164 0.00249 0.0049 0.00041
54.08 0.00164 0.00272 0.00515 0.00059
54.12 0.0017 0.00299 0.00507 0.00041
54.16 0.0016 0.00302 0.00458 0.00031
54.2 0.00183 0.00338 0.0049 0.00041
54.24 0.0016 0.00332 0.00393 0.00004
54.28 0.00154 0.0035 0.00434 0.00031
54.32 0.00164 0.00371 0.00426 0.00027
54.36 0.00151 0.00368 0.00377 0.00009
54.4 0.00173 0.00394 0.00401 0.00022
54.44 0.00151 0.00383 0.00313 -0.00009
54.48 0.00147 0.00392 0.00329 0.00018
54.52 0.00157 0.00404 0.00321 0.00004
54.56 0.00147 0.00394 0.0028 0
54.6 0.0017 0.00412 0.00313 0.00018
54.64 0.00144 0.00394 0.00232 0
54.68 0.00141 0.00394 0.00264 0.00018
54.72 0.00151 0.00397 0.00264 0.00018
54.76 0.00137 0.0038 0.00224 0.00009
54.8 0.00157 0.00392 0.00264 0.00031
54.84 0.00131 0.00362 0.00184 0
54.88 0.00124 0.00359 0.00216 0.00027
54.92 0.00137 0.00356 0.00224 0.00036
54.96 0.00124 0.00332 0.00192 0.00022
55 0.00147 0.00338 0.00224 0.00045
55.04 0.00124 0.00308 0.0016 0.00022
55.08 0.00121 0.00293 0.00192 0.00059
55.12 0.00134 0.00287 0.002 0.00068
55.16 0.00121 0.00255 0.00168 0.00059
55.2 0.00137 0.00252 0.00208 0.00095
55.24 0.00111 0.00216 0.00144 0.00059
55.28 0.00104 0.00198 0.002 0.00109
55.32 0.00114 0.00189 0.00192 0.00109
55.36 0.00098 0.00154 0.00168 0.00123
55.4 0.00117 0.00151 0.00216 0.0015
55.44 0.00091 0.00112 0.00152 0.00137
55.48 0.00088 0.00092 0.00192 0.00178
55.52 0.00104 0.0008 0.00208 0.00201
55.56 0.00081 0.00044 0.00184 0.00192
55.6 0.00101 0.00041 0.00248 0.00229
55.64 0.00071 0.00003 0.00176 0.00215
55.68 0.00065 -0.00012 0.00216 0.00261
55.72 0.00068 -0.00021 0.00232 0.00265
55.76 0.00058 -0.00053 0.00208 0.00265
55.8 0.00075 -0.00053 0.00264 0.00298
55.84 0.00052 -0.00086 0.002 0.00284
55.88 0.00045 -0.00098 0.00248 0.00326
55.92 0.00055 -0.00103 0.00264 0.00335
55.96 0.00042 -0.00127 0.0024 0.00331
56 0.00055 -0.00118 0.00288 0.00363
56.04 0.00029 -0.00145 0.00224 0.00335
56.08 0.00019 -0.00154 0.00264 0.00386
56.12 0.00025 -0.00151 0.0028 0.00386
56.16 0.00005 -0.00168 0.00256 0.00377
56.2 0.00022 -0.00154 0.00297 0.00405
56.24 -0.00004 -0.00177 0.00232 0.00377
56.28 -0.00011 -0.00174 0.00272 0.0041
56.32 -0.00008 -0.00168 0.0028 0.00415
56.36 -0.00027 -0.0018 0.00248 0.0041
56.4 -0.00011 -0.00159 0.00288 0.00424
56.44 -0.00044 -0.00174 0.00224 0.00396
56.48 -0.00057 -0.00171 0.00256 0.00433
56.52 -0.00054 -0.00159 0.00264 0.00424
56.56 -0.00073 -0.00168 0.00232 0.0041
56.6 -0.00063 -0.00145 0.0028 0.00429
56.64 -0.00093 -0.00159 0.00208 0.00401
56.68 -0.00106 -0.00154 0.0024 0.00424
56.72 -0.001 -0.00142 0.00256 0.00433
56.76 -0.00123 -0.00151 0.00216 0.00415
56.8 -0.00106 -0.00124 0.0028 0.00429
56.84 -0.00136 -0.00139 0.002 0.00391
56.88 -0.00145 -0.00133 0.00232 0.00424
56.92 -0.00139 -0.00118 0.0024 0.00405
56.96 -0.00158 -0.00124 0.00208 0.00396
57 -0.00139 -0.00101 0.00264 0.0041
57.04 -0.00162 -0.00115 0.00192 0.00372
57.08 -0.00168 -0.00112 0.00216 0.00401
57.12 -0.00155 -0.00098 0.00224 0.00391
57.16 -0.00172 -0.00106 0.002 0.00372
57.2 -0.00149 -0.0008 0.00248 0.00372
57.24 -0.00168 -0.00098 0.00184 0.00335
57.28 -0.00175 -0.00094 0.00216 0.00363
57.32 -0.00162 -0.00083 0.00232 0.00358
57.36 -0.00175 -0.00094 0.002 0.00331
57.4 -0.00149 -0.00071 0.00248 0.00349
57.44 -0.00165 -0.00092 0.00184 0.00307
57.48 -0.00172 -0.00094 0.00216 0.00331
57.52 -0.00155 -0.00086 0.0024 0.00312
57.56 -0.00168 -0.00101 0.00208 0.00298
57.6 -0.00142 -0.00083 0.00264 0.00312
57.64 -0.00162 -0.00103 0.002 0.0028
57.68 -0.00165 -0.00106 0.00232 0.00293
57.72 -0.00145 -0.00101 0.00256 0.00284
57.76 -0.00158 -0.00115 0.00232 0.00265
57.8 -0.00129 -0.00094 0.0028 0.0027
57.84 -0.00145 -0.00118 0.00224 0.00238
57.88 -0.00145 -0.00124 0.00256 0.00261
57.92 -0.00129 -0.00118 0.00272 0.00261
57.96 -0.00145 -0.00133 0.00248 0.00233
58 -0.00113 -0.00115 0.00313 0.00256
58.04 -0.00126 -0.00139 0.00248 0.0021
58.08 -0.00129 -0.00145 0.00288 0.00238
58.12 -0.00109 -0.00133 0.00304 0.00242
58.16 -0.00123 -0.00151 0.0028 0.00224
58.2 -0.00093 -0.00127 0.00353 0.00219
58.24 -0.00106 -0.00151 0.0028 0.00187
58.28 -0.00109 -0.00156 0.00321 0.00215
58.32 -0.00096 -0.00148 0.00345 0.0021
58.36 -0.00113 -0.00162 0.00321 0.00196
58.4 -0.0008 -0.00142 0.00385 0.00201
58.44 -0.00096 -0.00162 0.00321 0.00159
58.48 -0.00096 -0.00162 0.00361 0.00187
58.52 -0.00077 -0.00151 0.00385 0.00182
58.56 -0.00093 -0.00159 0.00361 0.00159
58.6 -0.00063 -0.00136 0.00418 0.00164
58.64 -0.0008 -0.00151 0.00353 0.00132
58.68 -0.00083 -0.00151 0.00385 0.0015
58.72 -0.00063 -0.00136 0.00401 0.00137
58.76 -0.00083 -0.00142 0.00369 0.00137
58.8 -0.00044 -0.00115 0.00426 0.00146
58.84 -0.00057 -0.00127 0.00361 0.00118
58.88 -0.0006 -0.00124 0.00377 0.00127
58.92 -0.00041 -0.00103 0.00393 0.00137
58.96 -0.00054 -0.00106 0.00369 0.00118
59 -0.00024 -0.00074 0.00409 0.00127
59.04 -0.00034 -0.00083 0.00345 0.00091
59.08 -0.00027 -0.00077 0.00369 0.00137
59.12 -0.00011 -0.00053 0.00385 0.00137
59.16 -0.00024 -0.00053 0.00345 0.00113
59.2 0.00012 -0.00018 0.00385 0.00132
59.24 0.00002 -0.00024 0.00329 0.00095
59.28 0.00002 -0.00015 0.00345 0.00141
59.32 0.00022 0.00009 0.00353 0.00141
59.36 0.00005 0.00012 0.00313 0.00137
59.4 0.00035 0.00047 0.00345 0.00137
59.44 0.00029 0.00041 0.00288 0.00123
59.48 0.00032 0.00053 0.00313 0.0015
59.52 0.00052 0.00077 0.00313 0.00164
59.56 0.00038 0.0008 0.0028 0.0015
59.6 0.00075 0.00112 0.00304 0.00173
59.64 0.00068 0.00106 0.00256 0.00146
59.68 0.00068 0.00115 0.00272 0.00169
59.72 0.00088 0.00139 0.0028 0.00182
59.76 0.00071 0.00139 0.0024 0.00173
59.8 0.00111 0.00172 0.00272 0.00196
59.84 0.00104 0.00163 0.00216 0.00169
59.88 0.00108 0.00166 0.00232 0.00201
59.92 0.00127 0.00189 0.00248 0.0021
59.96 0.00117 0.00183 0.00216 0.00201
60 0.00151 0.00213 0.00248 0.00224
60.04 0.00144 0.00201 0.002 0.00205
60.08 0.00144 0.00207 0.00216 0.00233
60.12 0.00164 0.00222 0.00232 0.00233
60.16 0.00147 0.00219 0.00192 0.00219
60.2 0.00183 0.00246 0.00232 0.00247
60.24 0.00173 0.00231 0.00184 0.00215
60.28 0.00177 0.00234 0.00208 0.00247
60.32 0.0019 0.00249 0.00224 0.00242
60.36 0.0017 0.0024 0.00192 0.00233
60.4 0.00203 0.00267 0.00232 0.00256
60.44 0.00193 0.00258 0.00192 0.0021
60.48 0.0019 0.00258 0.00216 0.00247
60.52 0.00203 0.00276 0.00232 0.00252
60.56 0.0018 0.00264 0.00208 0.00233
60.6 0.0021 0.0029 0.0024 0.00256
60.64 0.00197 0.00279 0.00192 0.00219
60.68 0.00193 0.00279 0.00216 0.00238
60.72 0.00207 0.0029 0.0024 0.00247
60.76 0.00183 0.00279 0.00216 0.00219
60.8 0.00213 0.00305 0.00256 0.00238
60.84 0.00203 0.00293 0.00216 0.00187
60.88 0.00197 0.0029 0.0024 0.0021
60.92 0.0021 0.00302 0.00264 0.0021
60.96 0.00183 0.00287 0.0024 0.00187
61 0.00213 0.00308 0.00288 0.00201
61.04 0.00203 0.0029 0.00248 0.0015
61.08 0.00193 0.00284 0.00264 0.00159
61.12 0.00207 0.00293 0.00288 0.00159
61.16 0.0018 0.00276 0.00256 0.00137
61.2 0.00213 0.00299 0.00313 0.00159
61.24 0.002 0.00281 0.00272 0.00109
61.28 0.00193 0.00272 0.00288 0.00127
61.32 0.00207 0.00279 0.00313 0.00118
61.36 0.00177 0.00255 0.00288 0.00095
61.4 0.0021 0.00276 0.00329 0.00113
61.44 0.00197 0.00255 0.00297 0.00068
61.48 0.00193 0.00246 0.00313 0.00081
61.52 0.00207 0.00255 0.00337 0.00086
61.56 0.0018 0.00231 0.00313 0.00059
61.6 0.0021 0.00255 0.00361 0.00081
61.64 0.00193 0.00237 0.00329 0.00045
61.68 0.00187 0.00228 0.00345 0.00063
61.72 0.002 0.00237 0.00361 0.00068
61.76 0.00173 0.00213 0.00345 0.00041
61.8 0.002 0.00234 0.00393 0.00063
61.84 0.0019 0.00216 0.00353 0.00027
61.88 0.00177 0.0021 0.00369 0.0005
61.92 0.0019 0.00222 0.00393 0.0005
61.96 0.0016 0.00198 0.00377 0.00022
62 0.00187 0.00231 0.00426 0.00063
62.04 0.00173 0.0021 0.00385 0.00022
62.08 0.0016 0.00198 0.00401 0.0005
62.12 0.00173 0.0021 0.00434 0.00059
62.16 0.00144 0.00183 0.00409 0.00041
62.2 0.00167 0.0021 0.00458 0.00068
62.24 0.00154 0.00192 0.00418 0.00041
62.28 0.00141 0.00187 0.00434 0.00063
62.32 0.00154 0.00195 0.00466 0.00073
62.36 0.00124 0.00169 0.00442 0.00059
62.4 0.00144 0.00192 0.00498 0.001
62.44 0.00131 0.00172 0.00458 0.00063
62.48 0.00117 0.00157 0.00474 0.00081
62.52 0.00127 0.00163 0.00507 0.00091
62.56 0.00101 0.00136 0.00482 0.00081
62.6 0.00121 0.00154 0.00539 0.00113
62.64 0.00108 0.00136 0.00498 0.00081
62.68 0.00091 0.00124 0.00515 0.00109
62.72 0.00101 0.0013 0.00539 0.00113
62.76 0.00078 0.00101 0.00523 0.00109
62.8 0.00094 0.00118 0.00579 0.00141
62.84 0.00081 0.00101 0.00547 0.00104
62.88 0.00065 0.00086 0.00555 0.00127
62.92 0.00075 0.00094 0.00588 0.00141
62.96 0.00052 0.00065 0.00563 0.00113
63 0.00068 0.00086 0.00628 0.00159
63.04 0.00058 0.00071 0.00588 0.00113
63.08 0.00045 0.00059 0.00596 0.00141
63.12 0.00058 0.00068 0.00628 0.00146
63.16 0.00035 0.00041 0.00604 0.00132
63.2 0.00052 0.00065 0.00669 0.00141
63.24 0.00042 0.0005 0.0062 0.00113
63.28 0.00038 0.00041 0.00636 0.00132
63.32 0.00045 0.00053 0.00661 0.00137
63.36 0.00025 0.0003 0.00644 0.00109
63.4 0.00045 0.00056 0.00693 0.00137
63.44 0.00035 0.00041 0.00644 0.001
63.48 0.00029 0.00035 0.00653 0.00118
63.52 0.00045 0.00047 0.00677 0.00118
63.56 0.00025 0.00023 0.00653 0.00095
63.6 0.00048 0.00047 0.0071 0.00113
63.64 0.00042 0.00035 0.00661 0.00081
63.68 0.00035 0.00027 0.00661 0.00086
63.72 0.00052 0.00038 0.00685 0.00091
63.76 0.00035 0.00015 0.00661 0.00068
63.8 0.00058 0.00041 0.00717 0.00095
63.84 0.00055 0.0003 0.00661 0.0005
63.88 0.00048 0.00021 0.00661 0.00068
63.92 0.00068 0.0003 0.00685 0.00068
63.96 0.00052 0.00009 0.00653 0.00045
64 0.00078 0.00035 0.0071 0.00073
64.04 0.00071 0.00023 0.00653 0.00027
64.08 0.00065 0.00015 0.00653 0.00041
64.12 0.00081 0.0003 0.00669 0.00041
64.16 0.00068 0.00009 0.00644 0.00018
64.2 0.00088 0.00035 0.00693 0.0005
64.24 0.00091 0.0003 0.00628 0.00013
64.28 0.00078 0.00027 0.00636 0.00022
64.32 0.00094 0.00041 0.00644 0.00036
64.36 0.00075 0.00021 0.0062 0.00022
64.4 0.00098 0.0005 0.00669 0.00045
64.44 0.00091 0.00047 0.00612 0.00018
64.48 0.00084 0.00044 0.00596 0.00036
64.52 0.00101 0.00059 0.00612 0.00036
64.56 0.00078 0.00044 0.00579 0.00031
64.6 0.00101 0.0008 0.0062 0.00063
64.64 0.00094 0.00074 0.00547 0.00022
64.68 0.00088 0.00071 0.00547 0.00059
64.72 0.00104 0.00089 0.00563 0.00068
64.76 0.00084 0.00068 0.00523 0.00059
64.8 0.00104 0.00098 0.00563 0.00095
64.84 0.00101 0.00089 0.00498 0.00073
64.88 0.00088 0.00086 0.00482 0.001
64.92 0.00104 0.00101 0.0049 0.00118
64.96 0.00084 0.0008 0.00442 0.001
65 0.00104 0.00109 0.0049 0.00141
65.04 0.00101 0.00101 0.00426 0.00113
65.08 0.00091 0.00092 0.00409 0.00141
65.12 0.00108 0.00106 0.00426 0.00155
65.16 0.00088 0.00083 0.00385 0.00146
65.2 0.00111 0.00112 0.00426 0.00178
65.24 0.00108 0.00103 0.00361 0.00146
65.28 0.00101 0.00101 0.00345 0.00173
65.32 0.00117 0.00112 0.00361 0.00187
65.36 0.00098 0.00094 0.00321 0.00169
65.4 0.00124 0.00124 0.00369 0.00196
65.44 0.00121 0.00115 0.00313 0.00173
65.48 0.00114 0.00115 0.00304 0.00187
65.52 0.00134 0.0013 0.00321 0.00201
65.56 0.00114 0.00112 0.00288 0.00187
65.6 0.00137 0.00145 0.00337 0.0021
65.64 0.00134 0.00139 0.0028 0.00169
65.68 0.00127 0.00136 0.00272 0.00178
65.72 0.00144 0.00154 0.00288 0.00196
65.76 0.00124 0.00139 0.00264 0.00173
65.8 0.00147 0.00169 0.00313 0.00201
65.84 0.00144 0.00163 0.00256 0.00159
65.88 0.00134 0.0016 0.00248 0.00164
65.92 0.00151 0.00175 0.00272 0.00164
65.96 0.00127 0.0016 0.00256 0.00141
66 0.00147 0.00187 0.00297 0.00155
66.04 0.00147 0.00183 0.0024 0.00127
66.08 0.00134 0.0018 0.00232 0.00137
66.12 0.00151 0.00198 0.00264 0.00141
66.16 0.00127 0.00183 0.0024 0.00127
66.2 0.00151 0.00207 0.00288 0.00137
66.24 0.00147 0.00204 0.00248 0.001
66.28 0.00137 0.00201 0.00248 0.00109
66.32 0.00154 0.00219 0.0028 0.00104
66.36 0.00127 0.00204 0.00264 0.00081
66.4 0.00151 0.00228 0.00313 0.00095
66.44 0.00147 0.00228 0.00272 0.00063
66.48 0.00134 0.00219 0.00272 0.00063
66.52 0.00151 0.00237 0.00313 0.00068
66.56 0.00127 0.00222 0.00297 0.0005
66.6 0.00151 0.00243 0.00353 0.00059
66.64 0.00147 0.0024 0.00313 0.00027
66.68 0.00137 0.00231 0.00321 0.00031
66.72 0.00151 0.00249 0.00353 0.00041
66.76 0.00131 0.00228 0.00337 0.00018
66.8 0.00154 0.00252 0.00401 0.00036
66.84 0.00147 0.00243 0.00361 0.00004
66.88 0.00137 0.00234 0.00369 0.00018
66.92 0.00154 0.00246 0.00393 0.00022
66.96 0.00127 0.00225 0.00377 0
67 0.00147 0.00243 0.00434 0.00027
67.04 0.00144 0.00234 0.00385 0
67.08 0.00131 0.00225 0.00369 0.00013
67.12 0.00144 0.00228 0.00409 0.00022
67.16 0.00114 0.00204 0.00385 0.00009
67.2 0.00134 0.00219 0.00434 0.00041
67.24 0.00131 0.00204 0.00385 0
67.28 0.00114 0.00189 0.00377 0.00027
67.32 0.00124 0.00198 0.00401 0.00036
67.36 0.00101 0.00175 0.00385 0.00027
67.4 0.00117 0.00183 0.00426 0.00054
67.44 0.00111 0.00169 0.00377 0.00036
67.48 0.00098 0.00154 0.00369 0.0005
67.52 0.00108 0.0016 0.00393 0.00063
67.56 0.00081 0.00133 0.00369 0.00059
67.6 0.00098 0.00145 0.00426 0.00068
67.64 0.00094 0.0013 0.00369 0.00054
67.68 0.00081 0.00112 0.00361 0.00063
67.72 0.00091 0.00118 0.00385 0.00077
67.76 0.00065 0.00092 0.00353 0.00068
67.8 0.00081 0.00101 0.00401 0.00091
67.84 0.00075 0.00086 0.00353 0.00059
67.88 0.00062 0.00068 0.00345 0.00073
67.92 0.00071 0.00068 0.00369 0.00077
67.96 0.00045 0.00044 0.00337 0.0005
68 0.00062 0.0005 0.00385 0.00081
68.04 0.00058 0.00032 0.00329 0.0005
68.08 0.00045 0.00015 0.00321 0.00059
68.12 0.00055 0.00015 0.00345 0.00068
68.16 0.00032 -0.00009 0.00313 0.00045
68.2 0.00048 0 0.00369 0.00059
68.24 0.00045 -0.00015 0.00321 0.00031
68.28 0.00032 -0.0003 0.00313 0.00027
68.32 0.00045 -0.00024 0.00329 0.00036
68.36 0.00022 -0.00047 0.00304 0.00013
68.4 0.00042 -0.00036 0.00361 0.00022
68.44 0.00038 -0.00045 0.00313 -0.00005
68.48 0.00025 -0.00056 0.00313 -0.00014
68.52 0.00038 -0.00045 0.00337 -0.00005
68.56 0.00016 -0.00062 0.00304 -0.00041
68.6 0.00035 -0.0005 0.00361 -0.00009
68.64 0.00032 -0.00053 0.00321 -0.0005
68.68 0.00019 -0.00062 0.00313 -0.00046
68.72 0.00035 -0.00047 0.00337 -0.00046
68.76 0.00009 -0.00065 0.00313 -0.00068
68.8 0.00029 -0.00047 0.00369 -0.00055
68.84 0.00029 -0.00047 0.00329 -0.00082
68.88 0.00019 -0.00053 0.00321 -0.00082
68.92 0.00032 -0.00036 0.00353 -0.00073
68.96 0.00012 -0.0005 0.00321 -0.00095
69 0.00029 -0.00027 0.00385 -0.00077
69.04 0.00029 -0.00027 0.00345 -0.00113
69.08 0.00016 -0.0003 0.00345 -0.00104
69.12 0.00029 -0.00012 0.00377 -0.00095
69.16 0.00009 -0.00024 0.00345 -0.00127
69.2 0.00029 0 0.00409 -0.001
69.24 0.00029 -0.00003 0.00369 -0.00122
69.28 0.00016 -0.00003 0.00361 -0.00118
69.32 0.00032 0.00012 0.00401 -0.00109
69.36 0.00009 0 0.00353 -0.00131
69.4 0.00029 0.00021 0.00418 -0.00109
69.44 0.00032 0.00023 0.00369 -0.00136
69.48 0.00019 0.00018 0.00369 -0.00118
69.52 0.00035 0.00038 0.00393 -0.00109
69.56 0.00016 0.00027 0.00353 -0.00127
69.6 0.00035 0.0005 0.00418 -0.00086
69.64 0.00038 0.00053 0.00361 -0.00118
69.68 0.00029 0.00047 0.00361 -0.001
69.72 0.00045 0.00068 0.00385 -0.00086
69.76 0.00022 0.00053 0.00329 -0.001
69.8 0.00045 0.00077 0.00393 -0.00068
69.84 0.00048 0.0008 0.00345 -0.00095
69.88 0.00038 0.0008 0.00329 -0.00077
69.92 0.00055 0.00094 0.00345 -0.00059
69.96 0.00035 0.00083 0.00297 -0.00082
70 0.00058 0.00103 0.00353 -0.00046
70.04 0.00068 0.00106 0.00313 -0.00068
70.08 0.00058 0.00101 0.00297 -0.00059
70.12 0.00071 0.00121 0.00313 -0.00037
70.16 0.00055 0.00101 0.00264 -0.0005
70.2 0.00081 0.00127 0.00321 -0.00019
70.24 0.00088 0.00127 0.00272 -0.00046
70.28 0.00081 0.00121 0.00264 -0.00032
70.32 0.00098 0.00139 0.0028 -0.00014
70.36 0.00081 0.00124 0.00232 -0.00032
70.4 0.00104 0.00148 0.00288 0
70.44 0.00111 0.00151 0.0024 -0.00027
70.48 0.00101 0.00145 0.00232 -0.00014
70.52 0.00114 0.00163 0.00256 0
70.56 0.00098 0.00148 0.002 -0.00019
70.6 0.00117 0.00169 0.00264 0.00018
70.64 0.00124 0.00172 0.00216 -0.00014
70.68 0.00114 0.00166 0.00208 -0.00009
70.72 0.00127 0.0018 0.00232 0.00009
70.76 0.00108 0.00163 0.00176 0
70.8 0.00131 0.00183 0.00248 0.00027
70.84 0.00134 0.00183 0.002 -0.00009
70.88 0.00124 0.00175 0.00192 0.00004
70.92 0.00137 0.00189 0.00216 0.00018
70.96 0.00117 0.00166 0.00176 0
71 0.00137 0.00189 0.00232 0.00045
71.04 0.00141 0.00187 0.002 0.00013
71.08 0.00127 0.00178 0.00184 0.00018
71.12 0.00141 0.00192 0.00224 0.00036
71.16 0.00117 0.00172 0.00176 0.00018
71.2 0.00137 0.00189 0.00248 0.0005
71.24 0.00137 0.00187 0.00208 0.00031
71.28 0.00124 0.00183 0.002 0.00036
71.32 0.00134 0.00189 0.00232 0.00054
71.36 0.00114 0.00166 0.00184 0.00041
71.4 0.00131 0.0018 0.00256 0.00068
71.44 0.00134 0.00175 0.00224 0.00045
71.48 0.00121 0.00163 0.00216 0.00059
71.52 0.00131 0.00175 0.00256 0.00068
71.56 0.00111 0.00148 0.00208 0.00063
71.6 0.00127 0.00163 0.00288 0.00086
71.64 0.00131 0.00157 0.00256 0.00063
71.68 0.00114 0.00142 0.0024 0.00063
71.72 0.00121 0.00154 0.00272 0.00086
71.76 0.00101 0.0013 0.00232 0.00073
71.8 0.00117 0.00142 0.00304 0.00118
71.84 0.00117 0.00136 0.00272 0.00081
71.88 0.00104 0.00124 0.00264 0.00095
71.92 0.00114 0.00133 0.00288 0.00118
71.96 0.00091 0.00109 0.0024 0.00095
72 0.00111 0.00121 0.00313 0.00132
72.04 0.00114 0.00115 0.0028 0.00109
72.08 0.00098 0.00101 0.00264 0.00118
72.12 0.00108 0.00106 0.00304 0.00132
72.16 0.00084 0.0008 0.00248 0.00123
72.2 0.00104 0.00092 0.00321 0.00159
72.24 0.00111 0.00083 0.0028 0.00137
72.28 0.00094 0.00068 0.00272 0.00141
72.32 0.00104 0.00077 0.00304 0.00159
72.36 0.00084 0.0005 0.00248 0.0015
72.4 0.00101 0.00062 0.00321 0.00178
72.44 0.00104 0.00059 0.0028 0.0015
72.48 0.00091 0.00044 0.00264 0.00155
72.52 0.00101 0.00053 0.00297 0.00173
72.56 0.00081 0.00032 0.0024 0.00159
72.6 0.00098 0.00047 0.00313 0.00196
72.64 0.00104 0.00047 0.00264 0.00169
72.68 0.00091 0.00038 0.00256 0.00164
72.72 0.00104 0.0005 0.0028 0.00192
72.76 0.00081 0.00032 0.00224 0.00169
72.8 0.00101 0.0005 0.00288 0.00196
72.84 0.00104 0.00053 0.00248 0.00164
72.88 0.00088 0.00044 0.00232 0.00164
72.92 0.00104 0.00059 0.00272 0.00173
72.96 0.00078 0.00041 0.00192 0.00159
73 0.00094 0.00062 0.00264 0.00192
73.04 0.00098 0.00065 0.00224 0.00159
73.08 0.00084 0.00059 0.00208 0.00155
73.12 0.00094 0.00077 0.00232 0.00169
73.16 0.00075 0.00062 0.00168 0.00159
73.2 0.00084 0.00083 0.0024 0.00178
73.24 0.00088 0.00089 0.002 0.0015
73.28 0.00075 0.00083 0.00184 0.00146
73.32 0.00088 0.00098 0.00208 0.0015
73.36 0.00058 0.0008 0.00152 0.00141
73.4 0.00078 0.00103 0.00224 0.00173
73.44 0.00081 0.00106 0.00192 0.00146
73.48 0.00065 0.00098 0.00176 0.00141
73.52 0.00078 0.00115 0.00208 0.00155
73.56 0.00052 0.00094 0.00152 0.00123
73.6 0.00065 0.00115 0.00216 0.00169
73.64 0.00065 0.00115 0.002 0.00146
73.68 0.00048 0.00106 0.00184 0.00141
73.72 0.00065 0.00121 0.00216 0.0015
73.76 0.00032 0.00101 0.00168 0.00132
73.8 0.00045 0.00118 0.0024 0.00173
73.84 0.00048 0.00118 0.00216 0.00146
73.88 0.00032 0.00106 0.00208 0.0015
73.92 0.00048 0.00118 0.0024 0.00164
73.96 0.00019 0.00094 0.00192 0.0015
74 0.00032 0.00109 0.00272 0.00178
74.04 0.00035 0.00109 0.0024 0.00146
74.08 0.00016 0.00094 0.00232 0.00155
74.12 0.00029 0.00103 0.00272 0.00173
74.16 -0.00004 0.00074 0.00224 0.0015
74.2 0.00009 0.00086 0.00297 0.00201
74.24 0.00009 0.00083 0.00288 0.00164
74.28 -0.00011 0.00062 0.00264 0.00169
74.32 -0.00001 0.00065 0.00304 0.00187
74.36 -0.00034 0.00035 0.00248 0.00178
74.4 -0.00024 0.00044 0.00321 0.0021
74.44 -0.00024 0.00038 0.00304 0.00182
74.48 -0.00047 0.00018 0.00297 0.00182
74.52 -0.00034 0.00018 0.00329 0.00205
74.56 -0.00067 -0.00012 0.0028 0.00192
74.6 -0.00057 -0.00006 0.00353 0.00224
74.64 -0.0006 -0.00015 0.00337 0.00201
74.68 -0.0008 -0.00038 0.00321 0.00201
74.72 -0.00067 -0.00038 0.00353 0.0021
74.76 -0.00103 -0.00071 0.00313 0.0021
74.8 -0.0009 -0.00068 0.00377 0.00238
74.84 -0.001 -0.00074 0.00361 0.0021
74.88 -0.00119 -0.00098 0.00361 0.0021
74.92 -0.00109 -0.00101 0.00385 0.00219
74.96 -0.00142 -0.0013 0.00337 0.00215
75 -0.00136 -0.00124 0.00401 0.00242
75.04 -0.00136 -0.00133 0.00377 0.00219
75.08 -0.00155 -0.00154 0.00369 0.00215
75.12 -0.00139 -0.00156 0.00401 0.00233
75.16 -0.00175 -0.00183 0.00353 0.00219
75.2 -0.00165 -0.00177 0.00418 0.00252
75.24 -0.00165 -0.00183 0.00385 0.0021
75.28 -0.00185 -0.00204 0.00385 0.00201
75.32 -0.00168 -0.00206 0.00418 0.00224
75.36 -0.00201 -0.0023 0.00369 0.00205
75.4 -0.00191 -0.00224 0.00434 0.00238
75.44 -0.00191 -0.0023 0.00409 0.00196
75.48 -0.00211 -0.00248 0.00401 0.00192
75.52 -0.00194 -0.00242 0.00434 0.00205
75.56 -0.00227 -0.00265 0.00393 0.00192
75.6 -0.00214 -0.00251 0.0045 0.00201
75.64 -0.00214 -0.00254 0.00426 0.00182
75.68 -0.00231 -0.00268 0.00409 0.00159
75.72 -0.00211 -0.00259 0.00442 0.00178
75.76 -0.0024 -0.0028 0.00401 0.00155
75.8 -0.00227 -0.00265 0.00466 0.00178
75.84 -0.00221 -0.00265 0.0045 0.00146
75.88 -0.00237 -0.00277 0.00434 0.00137
75.92 -0.00214 -0.00268 0.00466 0.00141
75.96 -0.00244 -0.00289 0.00434 0.00123
76 -0.00227 -0.00271 0.00498 0.00141
76.04 -0.00224 -0.00268 0.00474 0.00113
76.08 -0.00234 -0.0028 0.00466 0.001
76.12 -0.00214 -0.00268 0.00498 0.00104
76.16 -0.00237 -0.00286 0.00458 0.00086
76.2 -0.00221 -0.00265 0.00531 0.00104
76.24 -0.00211 -0.00259 0.00507 0.00073
76.28 -0.00224 -0.00268 0.00498 0.0005
76.32 -0.00194 -0.00256 0.00539 0.00068
76.36 -0.00224 -0.00271 0.00498 0.0005
76.4 -0.00201 -0.00254 0.00563 0.00073
76.44 -0.00194 -0.00251 0.00539 0.00031
76.48 -0.00205 -0.00259 0.00531 0.00027
76.52 -0.00175 -0.00245 0.00572 0.00036
76.56 -0.00205 -0.00262 0.00531 0.00013
76.6 -0.00185 -0.00245 0.00588 0.00031
76.64 -0.00175 -0.00236 0.00572 0.00009
76.68 -0.00188 -0.00245 0.00563 -0.00005
76.72 -0.00162 -0.00227 0.00596 0.00009
76.76 -0.00188 -0.00242 0.00563 -0.00009
76.8 -0.00172 -0.00218 0.0062 0.00013
76.84 -0.00158 -0.00204 0.00596 -0.00019
76.88 -0.00168 -0.00209 0.00588 -0.00023
76.92 -0.00142 -0.00189 0.00612 -0.00019
76.96 -0.00165 -0.00201 0.00563 -0.00037
77 -0.00145 -0.00174 0.00628 0.00004
77.04 -0.00132 -0.00162 0.00612 -0.00041
77.08 -0.00139 -0.00165 0.00588 -0.00032
77.12 -0.00106 -0.00145 0.00628 -0.00032
77.16 -0.00132 -0.00159 0.00588 -0.0005
77.2 -0.00113 -0.00133 0.00636 -0.00014
77.24 -0.001 -0.00121 0.00612 -0.0005
77.28 -0.00106 -0.00121 0.00596 -0.0005
77.32 -0.00073 -0.00098 0.00628 -0.00027
77.36 -0.001 -0.00109 0.00588 -0.00055
77.4 -0.00073 -0.00083 0.00636 -0.00019
77.44 -0.00057 -0.00065 0.0062 -0.00037
77.48 -0.0006 -0.00065 0.00604 -0.0005
77.52 -0.00027 -0.00038 0.00628 -0.00037
77.56 -0.00047 -0.00047 0.00588 -0.00055
77.6 -0.00021 -0.00018 0.00636 -0.00019
77.64 -0.00004 0 0.00612 -0.0005
77.68 -0.00008 0 0.00596 -0.00055
77.72 0.00025 0.0003 0.00628 -0.00037
77.76 0.00005 0.00018 0.00588 -0.00064
77.8 0.00029 0.0005 0.00636 -0.00027
77.84 0.00045 0.00071 0.0062 -0.0005
77.88 0.00045 0.00074 0.00596 -0.00059
77.92 0.00081 0.00106 0.00628 -0.00041
77.96 0.00065 0.00103 0.00588 -0.00064
78 0.00091 0.00136 0.00628 -0.00032
78.04 0.00111 0.00163 0.00604 -0.00064
78.08 0.00111 0.00169 0.00588 -0.00064
78.12 0.00147 0.00204 0.00612 -0.00046
78.16 0.00131 0.00201 0.00572 -0.00073
78.2 0.0016 0.00237 0.00612 -0.00046
78.24 0.00177 0.00258 0.00588 -0.00064
78.28 0.0018 0.00267 0.00572 -0.00073
78.32 0.00213 0.00302 0.00596 -0.00064
78.36 0.00197 0.00296 0.00555 -0.00077
78.4 0.0022 0.00326 0.00588 -0.00046
78.44 0.00236 0.00344 0.00572 -0.00073
78.48 0.00233 0.0035 0.00547 -0.00068
78.52 0.00269 0.00383 0.00572 -0.0005
78.56 0.00249 0.00368 0.00523 -0.00077
78.6 0.00269 0.00397 0.00563 -0.00046
78.64 0.00286 0.00415 0.00539 -0.00064
78.68 0.00283 0.00415 0.00507 -0.00064
78.72 0.00315 0.00445 0.00539 -0.0005
78.76 0.00292 0.00427 0.00482 -0.00073
78.8 0.00309 0.00451 0.00515 -0.00027
78.84 0.00319 0.0046 0.00498 -0.00046
78.88 0.00309 0.00451 0.00466 -0.00046
78.92 0.00339 0.00478 0.0049 -0.00032
78.96 0.00312 0.00457 0.00434 -0.00059
79 0.00329 0.00472 0.00458 -0.00009
79.04 0.00339 0.00478 0.0045 -0.00023
79.08 0.00326 0.00469 0.00418 -0.00032
79.12 0.00352 0.0049 0.00434 -0.00005
79.16 0.00326 0.0046 0.00377 -0.00027
79.2 0.00335 0.00475 0.00401 0.00013
79.24 0.00342 0.00478 0.00385 0
79.28 0.00332 0.00463 0.00353 0.00004
79.32 0.00355 0.00478 0.00369 0.00027
79.36 0.00326 0.00445 0.00313 0.00009
79.4 0.00335 0.00454 0.00337 0.00045
79.44 0.00342 0.00451 0.00313 0.00041
79.48 0.00326 0.00427 0.0028 0.00036
79.52 0.00349 0.00436 0.00297 0.00063
79.56 0.00315 0.00401 0.0024 0.00045
79.6 0.00326 0.00404 0.00272 0.00095
79.64 0.00332 0.00397 0.00264 0.00086
79.68 0.00315 0.00371 0.00216 0.00086
79.72 0.00339 0.00377 0.00232 0.00118
79.76 0.00306 0.00341 0.00176 0.001
79.8 0.00315 0.00338 0.00216 0.00146
79.84 0.00319 0.00332 0.00192 0.00132
79.88 0.00299 0.00305 0.0016 0.00137
79.92 0.00315 0.00311 0.00176 0.00155
79.96 0.00289 0.00272 0.00127 0.0015
