# Reference: Briggs, M.J., Synolakis, C.E., Harkins, G.S. & Green, D.R. (1995). Laboratory experiments of tsunami runup on a circular island. Pure and Applied Geophysics 144(3/4), 569-593.
# Source repo: https://github.com/fengyanshi/FUNWAVE-TVD  commit b4c322e7582035ee19df8e6409a3dfedaff1cb96, path benchmarks/car_conical_island/work_case_C/C.txt
# (byte-identical copy also in benchmarks/sph_conical_island/work_case_C/C.txt)
# Case C: solitary wave, FUNWAVE input.txt 'AMP = 0.05792', 'DEP = 0.32' (water depth 0.32 m) -> H/d = 0.05792/0.32.
# Content: MEASURED free-surface elevation time series at 4 wave gauges. plot_comparison.m:
#   't=data1(:,1); measure(:,1)=data1(:,2); ... measure(:,4)=data1(:,5);', gauge labels ' 6',' 9','16','22', ylabel('eta (m)').
# Columns: (1) time t [s], laboratory time base (model results are shifted onto it: 'time_lag_case_A=22.63;  tmodel=data(:,1) + time_lag_case_A');
#          (2) eta at gauge 6 [m]; (3) eta at gauge 9 [m]; (4) eta at gauge 16 [m]; (5) eta at gauge 22 [m].
# Sampling: regular, dt = 0.04 s, t = 20.00 ... 79.96 s (1500 rows) -> looks like original instrument records.
# Island geometry (input/conical.m): 'r1=3.6' (toe radius, m), 'depth0=0.32' (tank depth, m), 'hcone=0.625' (cone height, m), 'slope=0.25' (cone side slope 1:4).
#   The FUNWAVE depth.txt (702x602, DX=DY=0.05 m) actually used has the cone centred at 1-based grid i=461, j=277 (x=23.0 m, y=13.8 m with x=(i-1)*DX),
#   i.e. NOT at conical.m's 'x0=12.96; y0=13.30'; min depth -0.305 m (crest 0.305 m above SWL); top truncated per conical.m. The flat top radius is not stated explicitly in the repo.
# Gauge positions: only the FUNWAVE model station indices are in the repo (gauges.txt, 1-based i,j, DX=DY=0.05):
#   gauge 6 = sta_0001 (389,278): 3.60 m upwave of cone centre on the centreline (r = toe radius);
#   gauge 9 = sta_0002 (412,278): 2.45 m upwave of centre;  gauge 16 = sta_0008 (461,328): 2.55 m to the side (y+) of centre;
#   gauge 22 = sta_0013 (513,278): 2.60 m downwave (lee side) of centre.
#   These are model station locations; the original Briggs et al. lab gauge coordinates are not given in this repo.
# Wave direction: +x (solitary wave initialised at 'XWAVEMAKER = 8.0' m in the model).
# NOT AVAILABLE in repo: measured run-up around the island (angle vs run-up height) -- no such file exists in FUNWAVE-TVD car_/sph_conical_island.
# Cross-check: identical (to <=2.4e-4 m at a single gauge-22 sample, otherwise exact) to the NTHMP 2011 workshop lab file Conical_GaugeABC.mat (eta in cm, 'load Conical_GaugeABC.mat    % Experimental Data Time vs. Elevation(cm)') in https://github.com/fengyanshi/NHWAVE commit 286036b49872f7783de8cbcf574b018c314f3ed8, examples/inundation_benchmarks/Solitary_wave_on_a_conical_island/time_solution/.
20 0.00058 -0.00024 0.0015 0.00128
20.04 0.00048 -0.00041 0.00112 0.00092
20.08 0.00045 -0.00044 0.00127 0.0011
20.12 0.00055 -0.00032 0.00143 0.00115
20.16 0.00028 -0.0005 0.00112 0.00101
20.2 0.00058 -0.00027 0.0015 0.00128
20.24 0.00048 -0.00038 0.00112 0.00096
20.28 0.00038 -0.00044 0.00127 0.00115
20.32 0.00055 -0.00032 0.00143 0.00119
20.36 0.00028 -0.0005 0.00112 0.00101
20.4 0.00055 -0.00027 0.0015 0.00128
20.44 0.00048 -0.00038 0.00112 0.00092
20.48 0.00038 -0.00044 0.00127 0.0011
20.52 0.00055 -0.00032 0.00143 0.00119
20.56 0.00032 -0.00053 0.00119 0.00096
20.6 0.00058 -0.00027 0.00158 0.00128
20.64 0.00045 -0.00038 0.00112 0.00092
20.68 0.00038 -0.00044 0.00127 0.00115
20.72 0.00055 -0.00032 0.00143 0.00115
20.76 0.00025 -0.00053 0.00119 0.00092
20.8 0.00058 -0.00024 0.00158 0.00124
20.84 0.00048 -0.00038 0.00112 0.00092
20.88 0.00038 -0.00044 0.00127 0.00115
20.92 0.00055 -0.00032 0.00143 0.00119
20.96 0.00032 -0.00053 0.00119 0.00101
21 0.00058 -0.0003 0.00158 0.00124
21.04 0.00048 -0.00038 0.00119 0.00092
21.08 0.00038 -0.00044 0.00127 0.0011
21.12 0.00055 -0.00032 0.00143 0.00119
21.16 0.00032 -0.00053 0.00119 0.00101
21.2 0.00055 -0.00027 0.0015 0.00124
21.24 0.00048 -0.00041 0.00119 0.00083
21.28 0.00038 -0.00044 0.00127 0.0011
21.32 0.00055 -0.00032 0.00143 0.00119
21.36 0.00032 -0.00053 0.00112 0.00096
21.4 0.00055 -0.0003 0.00158 0.00128
21.44 0.00048 -0.00041 0.00119 0.00083
21.48 0.00038 -0.00044 0.00127 0.0011
21.52 0.00051 -0.00032 0.00143 0.00119
21.56 0.00035 -0.00053 0.00119 0.00105
21.6 0.00055 -0.00027 0.00158 0.00128
21.64 0.00048 -0.00038 0.00119 0.00083
21.68 0.00041 -0.00044 0.00119 0.00105
21.72 0.00051 -0.00032 0.00143 0.00115
21.76 0.00035 -0.00047 0.00112 0.00105
21.8 0.00055 -0.00027 0.00166 0.00128
21.84 0.00048 -0.00038 0.00119 0.00101
21.88 0.00038 -0.00044 0.00127 0.00105
21.92 0.00055 -0.00032 0.00143 0.00119
21.96 0.00035 -0.00053 0.00127 0.00101
22 0.00055 -0.00027 0.00166 0.00133
22.04 0.00048 -0.00041 0.00119 0.00092
22.08 0.00038 -0.00044 0.00127 0.0011
22.12 0.00055 -0.00032 0.00143 0.00124
22.16 0.00035 -0.00053 0.00119 0.00105
22.2 0.00058 -0.00027 0.00158 0.00133
22.24 0.00048 -0.00038 0.00119 0.00096
22.28 0.00038 -0.00047 0.00127 0.0011
22.32 0.00055 -0.00032 0.00143 0.00115
22.36 0.00035 -0.0005 0.00119 0.00105
22.4 0.00055 -0.0003 0.00166 0.00128
22.44 0.00048 -0.00038 0.00119 0.00096
22.48 0.00038 -0.00044 0.00127 0.0011
22.52 0.00055 -0.00032 0.0015 0.00119
22.56 0.00035 -0.00053 0.00135 0.00096
22.6 0.00055 -0.0003 0.00166 0.00128
22.64 0.00048 -0.00038 0.00119 0.00096
22.68 0.00038 -0.00047 0.00127 0.00115
22.72 0.00055 -0.00032 0.00143 0.00115
22.76 0.00035 -0.00056 0.00119 0.00096
22.8 0.00055 -0.0003 0.00166 0.00128
22.84 0.00045 -0.00038 0.00119 0.00092
22.88 0.00038 -0.00044 0.00119 0.00115
22.92 0.00051 -0.00035 0.00143 0.00115
22.96 0.00035 -0.00053 0.00119 0.00101
23 0.00055 -0.0003 0.00166 0.00128
23.04 0.00048 -0.00038 0.00119 0.00096
23.08 0.00038 -0.00047 0.00127 0.00115
23.12 0.00055 -0.00032 0.00143 0.00124
23.16 0.00035 -0.00056 0.00119 0.00101
23.2 0.00055 -0.0003 0.00166 0.00128
23.24 0.00048 -0.00041 0.00119 0.00087
23.28 0.00038 -0.00047 0.00127 0.0011
23.32 0.00051 -0.00032 0.00143 0.00124
23.36 0.00038 -0.00053 0.00119 0.00101
23.4 0.00055 -0.00027 0.00166 0.00128
23.44 0.00048 -0.00041 0.00119 0.00087
23.48 0.00038 -0.00044 0.00119 0.00105
23.52 0.00051 -0.00032 0.00143 0.0011
23.56 0.00035 -0.00053 0.00119 0.00105
23.6 0.00055 -0.0003 0.00166 0.00128
23.64 0.00048 -0.00038 0.00119 0.00092
23.68 0.00038 -0.00044 0.00119 0.00105
23.72 0.00055 -0.00032 0.00143 0.00119
23.76 0.00035 -0.00053 0.00119 0.00101
23.8 0.00055 -0.00032 0.00166 0.00128
23.84 0.00048 -0.00041 0.00119 0.00096
23.88 0.00038 -0.00044 0.00119 0.00101
23.92 0.00055 -0.00032 0.00143 0.00119
23.96 0.00035 -0.00053 0.00119 0.00101
24 0.00058 -0.0003 0.00166 0.00137
24.04 0.00048 -0.00038 0.00119 0.00092
24.08 0.00038 -0.00047 0.00127 0.0011
24.12 0.00055 -0.00035 0.00143 0.00115
24.16 0.00035 -0.00053 0.00127 0.00101
24.2 0.00055 -0.0003 0.00166 0.00128
24.24 0.00048 -0.00038 0.00119 0.00101
24.28 0.00038 -0.00044 0.00119 0.0011
24.32 0.00055 -0.00032 0.00143 0.00115
24.36 0.00035 -0.00053 0.00119 0.00101
24.4 0.00055 -0.0003 0.00166 0.00128
24.44 0.00048 -0.00038 0.00127 0.00096
24.48 0.00038 -0.00044 0.00119 0.0011
24.52 0.00055 -0.00032 0.0015 0.00124
24.56 0.00038 -0.00056 0.00127 0.00096
24.6 0.00051 -0.0003 0.00173 0.00128
24.64 0.00048 -0.00038 0.00127 0.00096
24.68 0.00038 -0.00047 0.00119 0.00115
24.72 0.00055 -0.00032 0.00143 0.00119
24.76 0.00035 -0.00053 0.00119 0.00096
24.8 0.00051 -0.0003 0.00166 0.00128
24.84 0.00048 -0.00038 0.00119 0.00092
24.88 0.00038 -0.00044 0.00119 0.00115
24.92 0.00055 -0.00035 0.00143 0.00119
24.96 0.00035 -0.00053 0.00119 0.00101
25 0.00051 -0.0003 0.00173 0.00124
25.04 0.00048 -0.00038 0.00127 0.00092
25.08 0.00038 -0.00044 0.00127 0.00115
25.12 0.00055 -0.00032 0.00143 0.00119
25.16 0.00038 -0.00053 0.00135 0.00101
25.2 0.00051 -0.0003 0.00166 0.00119
25.24 0.00048 -0.00038 0.00127 0.00087
25.28 0.00038 -0.00047 0.00119 0.00105
25.32 0.00055 -0.00032 0.00143 0.00119
25.36 0.00035 -0.00053 0.00119 0.00101
25.4 0.00051 -0.0003 0.00166 0.00124
25.44 0.00048 -0.00038 0.00127 0.00092
25.48 0.00038 -0.00044 0.00119 0.0011
25.52 0.00055 -0.0003 0.00143 0.00124
25.56 0.00032 -0.00047 0.00127 0.00101
25.6 0.00051 -0.0003 0.00166 0.00124
25.64 0.00048 -0.00038 0.00127 0.00083
25.68 0.00038 -0.00044 0.00127 0.00105
25.72 0.00055 -0.00032 0.00143 0.00119
25.76 0.00035 -0.0005 0.00119 0.00101
25.8 0.00051 -0.0003 0.00166 0.00124
25.84 0.00048 -0.00038 0.00127 0.00092
25.88 0.00038 -0.00044 0.00119 0.0011
25.92 0.00055 -0.00035 0.00143 0.00119
25.96 0.00035 -0.0005 0.00127 0.00105
26 0.00051 -0.0003 0.00173 0.00124
26.04 0.00051 -0.00038 0.00127 0.00092
26.08 0.00038 -0.00044 0.00119 0.0011
26.12 0.00051 -0.00035 0.00143 0.00119
26.16 0.00035 -0.0005 0.00127 0.00101
26.2 0.00051 -0.0003 0.00173 0.00119
26.24 0.00051 -0.00038 0.00127 0.00096
26.28 0.00038 -0.00047 0.00119 0.00105
26.32 0.00055 -0.00032 0.00143 0.00119
26.36 0.00035 -0.0005 0.00127 0.00101
26.4 0.00051 -0.0003 0.00173 0.00124
26.44 0.00048 -0.00038 0.00127 0.00096
26.48 0.00038 -0.00047 0.00127 0.00101
26.52 0.00055 -0.00035 0.00143 0.00119
26.56 0.00032 -0.0005 0.00127 0.00101
26.6 0.00051 -0.00032 0.00166 0.00128
26.64 0.00051 -0.00038 0.00127 0.00101
26.68 0.00041 -0.00044 0.00119 0.00105
26.72 0.00058 -0.00035 0.00143 0.00119
26.76 0.00038 -0.0005 0.00127 0.00105
26.8 0.00055 -0.0003 0.00166 0.00128
26.84 0.00055 -0.00038 0.00127 0.00101
26.88 0.00045 -0.00044 0.00119 0.00115
26.92 0.00061 -0.00032 0.00143 0.00115
26.96 0.00041 -0.00047 0.00127 0.00101
27 0.00064 -0.0003 0.00173 0.00124
27.04 0.00064 -0.00035 0.00127 0.00101
27.08 0.00055 -0.00044 0.00127 0.0011
27.12 0.00074 -0.00032 0.00143 0.0011
27.16 0.00058 -0.00047 0.00127 0.00101
27.2 0.00084 -0.0003 0.00166 0.00119
27.24 0.00087 -0.00032 0.00127 0.00096
27.28 0.00084 -0.00044 0.00119 0.0011
27.32 0.0011 -0.00027 0.00143 0.00124
27.36 0.00097 -0.00044 0.00127 0.00101
27.4 0.0013 -0.00024 0.00166 0.00128
27.44 0.00143 -0.0003 0.00127 0.00105
27.48 0.00153 -0.00038 0.00127 0.00115
27.52 0.00189 -0.00024 0.00143 0.00119
27.56 0.00192 -0.00035 0.00135 0.00101
27.6 0.00242 -0.00015 0.00166 0.00124
27.64 0.00278 -0.00021 0.00127 0.00092
27.68 0.00308 -0.00024 0.00127 0.0011
27.72 0.0037 -0.00006 0.00143 0.00119
27.76 0.00403 -0.00018 0.00127 0.00092
27.8 0.00489 0.00006 0.00166 0.00119
27.84 0.00568 0.00003 0.00127 0.00101
27.88 0.00641 0.00006 0.00119 0.00115
27.92 0.00741 0.00029 0.00143 0.00119
27.96 0.0081 0.00026 0.00127 0.00096
28 0.0094 0.00055 0.00166 0.00119
28.04 0.01064 0.00067 0.00127 0.00096
28.08 0.01194 0.00082 0.00119 0.00115
28.12 0.01396 0.00117 0.00143 0.00119
28.16 0.01605 0.00132 0.00127 0.00101
28.2 0.01886 0.00185 0.00166 0.00124
28.24 0.02175 0.0022 0.00127 0.00096
28.28 0.0248 0.00258 0.00119 0.0011
28.32 0.02828 0.00329 0.00143 0.00119
28.36 0.03164 0.00379 0.00119 0.00096
28.4 0.03566 0.00474 0.00166 0.00115
28.44 0.0396 0.0053 0.00127 0.00096
28.48 0.04349 0.00581 0.00119 0.00105
28.52 0.04763 0.00658 0.00143 0.00119
28.56 0.05122 0.00765 0.00119 0.00101
28.6 0.05476 0.00968 0.00166 0.00119
28.64 0.05737 0.01187 0.00127 0.00101
28.68 0.05923 0.01433 0.00119 0.0011
28.72 0.06062 0.01739 0.00143 0.00124
28.76 0.06066 0.02061 0.00119 0.00101
28.8 0.06066 0.02478 0.00173 0.00115
28.84 0.05996 0.02925 0.00135 0.00101
28.88 0.05795 0.03411 0.00127 0.0011
28.92 0.05501 0.03961 0.0015 0.00124
28.96 0.05115 0.04493 0.00127 0.00101
29 0.04766 0.05053 0.00173 0.00124
29.04 0.04389 0.0556 0.00143 0.00096
29.08 0.04027 0.06009 0.00127 0.0011
29.12 0.03727 0.06311 0.0015 0.00119
29.16 0.03384 0.06311 0.00135 0.0011
29.2 0.03074 0.06311 0.00173 0.00119
29.24 0.02742 0.06311 0.00143 0.00092
29.28 0.02429 0.06311 0.00143 0.00105
29.32 0.02189 0.06311 0.00173 0.00119
29.36 0.0194 0.06311 0.00143 0.0011
29.4 0.01747 0.06311 0.00204 0.00128
29.44 0.01544 0.06311 0.00166 0.00101
29.48 0.01349 0.06311 0.00166 0.00101
29.52 0.01208 0.06311 0.00204 0.00119
29.56 0.01047 0.06268 0.00173 0.00101
29.6 0.00937 0.05957 0.00251 0.00133
29.64 0.00827 0.05651 0.00235 0.00105
29.68 0.00717 0.05405 0.00243 0.0011
29.72 0.00648 0.05289 0.00304 0.00119
29.76 0.00548 0.05137 0.0032 0.00105
29.8 0.00505 0.04854 0.00405 0.00128
29.84 0.00452 0.04481 0.00412 0.00105
29.88 0.0039 0.04147 0.00443 0.00115
29.92 0.00363 0.03901 0.0052 0.00119
29.96 0.00301 0.03665 0.00551 0.00105
30 0.00291 0.03467 0.00698 0.00128
30.04 0.00271 0.03214 0.00767 0.0011
30.08 0.00245 0.02919 0.00891 0.00115
30.12 0.00258 0.02678 0.01062 0.00128
30.16 0.00242 0.02434 0.01201 0.00115
30.2 0.00268 0.02205 0.01481 0.00133
30.24 0.00278 0.01954 0.01715 0.00115
30.28 0.00268 0.01723 0.02011 0.00124
30.32 0.00288 0.01539 0.02394 0.00128
30.36 0.00297 0.01331 0.02786 0.0011
30.4 0.00363 0.01145 0.03352 0.00142
30.44 0.00396 0.00866 0.03873 0.00119
30.48 0.00396 0.00492 0.04412 0.00128
30.52 0.00456 0.00158 0.04977 0.00137
30.56 0.00489 0.00038 0.05385 0.00119
30.6 0.00545 -0.00252 0.05834 0.00142
30.64 0.00598 -0.00765 0.06042 0.00128
30.68 0.00644 -0.01085 0.06155 0.00124
30.72 0.00711 -0.01428 0.06227 0.00142
30.76 0.00747 -0.01889 0.06179 0.00119
30.8 0.0082 -0.02491 0.06227 0.00137
30.84 0.00877 -0.03316 0.06091 0.00128
30.88 0.00913 -0.04039 0.05938 0.00119
30.92 0.0098 -0.04189 0.05817 0.00133
30.96 0.0102 -0.04223 0.05633 0.00115
31 0.01107 -0.0421 0.05553 0.00142
31.04 0.01177 -0.04213 0.05417 0.00115
31.08 0.01218 -0.04223 0.05353 0.00115
31.12 0.01271 -0.0421 0.05385 0.00128
31.16 0.01281 -0.04231 0.05433 0.00105
31.2 0.01345 -0.04215 0.05617 0.00133
31.24 0.01379 -0.04218 0.05337 0.00101
31.28 0.01342 -0.04223 0.05065 0.0011
31.32 0.01281 -0.0421 0.04962 0.00128
31.36 0.01187 -0.04231 0.04707 0.00105
31.4 0.01134 -0.04213 0.04436 0.00133
31.44 0.01004 -0.04213 0.03905 0.00105
31.48 0.0081 -0.04221 0.03305 0.00101
31.52 0.00651 -0.04207 0.02731 0.00124
31.56 0.00429 -0.04223 0.02104 0.00101
31.6 0.00202 -0.04205 0.01644 0.00128
31.64 -0.00066 -0.04183 0.01155 0.00105
31.68 -0.00382 -0.04068 0.00752 0.0011
31.72 -0.00696 -0.04036 0.0042 0.00119
31.76 -0.01052 -0.03661 -0.00003 0.00096
31.8 -0.01381 -0.03025 -0.00395 0.00133
31.84 -0.0172 -0.02586 -0.00808 0.00105
31.88 -0.02065 -0.02628 -0.01197 0.00101
31.92 -0.02368 -0.02702 -0.01471 0.00124
31.96 -0.02668 -0.02466 -0.01843 0.00105
32 -0.02887 -0.01898 -0.02071 0.00133
32.04 -0.03061 -0.01333 -0.02358 0.00115
32.08 -0.03205 -0.00924 -0.02569 0.00115
32.12 -0.03272 -0.01013 -0.02742 0.00128
32.16 -0.03324 -0.01056 -0.03005 0.00115
32.2 -0.03305 -0.00817 -0.0314 0.00137
32.24 -0.03281 -0.00421 -0.03298 0.00119
32.28 -0.0325 -0.00205 -0.03357 0.00128
32.32 -0.03183 -0.00132 -0.03298 0.00142
32.36 -0.03132 -0.00176 -0.03328 0.00133
32.4 -0.03015 -0.00065 -0.0323 0.00174
32.44 -0.0289 0.00102 -0.03298 0.00142
32.48 -0.02745 0.00097 -0.03357 0.00151
32.52 -0.02551 -0.00038 -0.0335 0.00174
32.56 -0.02365 -0.0017 -0.03402 0.00169
32.6 -0.02137 -0.00088 -0.03373 0.00215
32.64 -0.01937 0.0007 -0.03455 0.00206
32.68 -0.01783 0.00208 -0.03545 0.00229
32.72 -0.01638 0.00109 -0.03582 0.00265
32.76 -0.01565 -0.0015 -0.03545 0.0027
32.8 -0.01489 -0.00301 -0.03275 0.00335
32.84 -0.01448 -0.00354 -0.02787 0.00349
32.88 -0.01444 -0.00284 -0.02622 0.0039
32.92 -0.01435 -0.00132 -0.02817 0.00456
32.96 -0.0146 -0.00073 -0.03103 0.00526
33 -0.01435 -0.00135 -0.02975 0.00653
33.04 -0.01397 -0.00255 -0.02757 0.00753
33.08 -0.01349 -0.004 -0.02523 0.00917
33.12 -0.01276 -0.0047 -0.02297 0.01181
33.16 -0.0127 -0.00418 -0.02282 0.0153
33.2 -0.01241 -0.00266 -0.02192 0.02264
33.24 -0.01222 -0.00261 -0.02146 0.03795
33.28 -0.01193 -0.00298 -0.02085 0.05519
33.32 -0.01116 -0.00377 -0.0198 0.06489
33.36 -0.01084 -0.00569 -0.01934 0.07021
33.4 -0.01062 -0.00638 -0.01775 0.07484
33.44 -0.01123 -0.00667 -0.01684 0.07859
33.48 -0.0126 -0.00907 -0.01562 0.09107
33.52 -0.01372 -0.0105 -0.01456 0.08929
33.56 -0.01476 -0.01145 -0.01448 0.08218
33.6 -0.01467 -0.01191 -0.01327 0.07437
33.64 -0.01397 -0.01316 -0.01296 0.06404
33.68 -0.01282 -0.01669 -0.01243 0.05513
33.72 -0.01116 -0.01946 -0.01182 0.04878
33.76 -0.01008 -0.02109 -0.01121 0.04535
33.8 -0.00931 -0.02159 -0.00931 0.0435
33.84 -0.00973 -0.02215 -0.009 0.04085
33.88 -0.01126 -0.02299 -0.00915 0.04085
33.92 -0.0127 -0.02416 -0.00885 0.04208
33.96 -0.01403 -0.02605 -0.00915 0.04161
34 -0.01432 -0.02769 -0.00801 0.03951
34.04 -0.01429 -0.02819 -0.00762 0.0356
34.08 -0.01426 -0.02849 -0.00732 0.03016
34.12 -0.01375 -0.02854 -0.00694 0.02488
34.16 -0.01372 -0.02965 -0.00739 0.0228
34.2 -0.01457 -0.03006 -0.00671 0.02232
34.24 -0.01773 -0.03006 -0.00671 0.01949
34.28 -0.02134 -0.02984 -0.00686 0.01774
34.32 -0.02293 -0.02959 -0.00671 0.01697
34.36 -0.0229 -0.02989 -0.00747 0.01515
34.4 -0.0209 -0.02957 -0.00709 0.01369
34.44 -0.01902 -0.0291 -0.00747 0.01324
34.48 -0.01921 -0.02885 -0.00755 0.01309
34.52 -0.02046 -0.02838 -0.00717 0.01176
34.56 -0.02224 -0.02788 -0.0077 0.01029
34.6 -0.02271 -0.02689 -0.00724 0.0071
34.64 -0.02212 -0.0265 -0.0077 0.00335
34.68 -0.02065 -0.0265 -0.00785 0.00484
34.72 -0.01843 -0.02636 -0.00747 0.0054
34.76 -0.01688 -0.02672 -0.00793 0.00526
34.8 -0.01578 -0.02683 -0.00739 0.00446
34.84 -0.01524 -0.02727 -0.00793 0.0047
34.88 -0.01508 -0.02786 -0.00831 0.00564
34.92 -0.01448 -0.0281 -0.00824 0.00456
34.96 -0.01406 -0.02841 -0.00892 -0.00012
35 -0.01305 -0.02849 -0.00831 -0.00501
35.04 -0.01209 -0.02854 -0.00839 -0.00969
35.08 -0.01133 -0.02813 -0.00862 -0.01169
35.12 -0.01033 -0.0273 -0.00862 -0.01529
35.16 -0.00992 -0.02683 -0.00915 -0.01886
35.2 -0.00928 -0.02611 -0.00854 -0.01964
35.24 -0.00895 -0.02519 -0.00885 -0.01942
35.28 -0.00908 -0.02377 -0.00915 -0.01946
35.32 -0.00921 -0.02168 -0.009 -0.0211
35.36 -0.00988 -0.01996 -0.00946 -0.02373
35.4 -0.00992 -0.01782 -0.00892 -0.02443
35.44 -0.00953 -0.0155 -0.00915 -0.02303
35.48 -0.0088 -0.01302 -0.00938 -0.0215
35.52 -0.00735 -0.01091 -0.00915 -0.02085
35.56 -0.00657 -0.00901 -0.00953 -0.02236
35.6 -0.00603 -0.00653 -0.00885 -0.0231
35.64 -0.00622 -0.00418 -0.00885 -0.02229
35.68 -0.00686 -0.00231 -0.00885 -0.02056
35.72 -0.00693 -0.00047 -0.00831 -0.01927
35.76 -0.00703 0.00073 -0.00877 -0.01993
35.8 -0.00622 0.00179 -0.00801 -0.02008
35.84 -0.00528 0.00235 -0.00816 -0.02048
35.88 -0.00489 0.00244 -0.00824 -0.02004
35.92 -0.00489 0.00276 -0.00785 -0.01838
35.96 -0.00596 0.00267 -0.00808 -0.0169
36 -0.00667 0.00282 -0.00732 -0.0161
36.04 -0.00732 0.00267 -0.00717 -0.01713
36.08 -0.0078 0.00238 -0.00686 -0.018
36.12 -0.0077 0.00247 -0.00609 -0.01781
36.16 -0.00802 0.0022 -0.00594 -0.01713
36.2 -0.00786 0.00226 -0.00479 -0.01626
36.24 -0.00757 0.00247 -0.00433 -0.01618
36.28 -0.00709 0.00285 -0.0038 -0.01583
36.32 -0.00625 0.00368 -0.00265 -0.01595
36.36 -0.00612 0.00412 -0.00234 -0.01626
36.4 -0.00577 0.00454 -0.00096 -0.01606
36.44 -0.00531 0.00462 -0.00042 -0.01602
36.48 -0.00454 0.00477 0.00027 -0.01572
36.52 -0.00304 0.00563 0.00127 -0.0154
36.56 -0.00194 0.00631 0.00158 -0.01536
36.6 -0.00086 0.007 0.00274 -0.01486
36.64 -0.00063 0.00723 0.0032 -0.01498
36.68 -0.00102 0.00721 0.00366 -0.01494
36.72 -0.00106 0.00735 0.00466 -0.0147
36.76 -0.00125 0.00688 0.00482 -0.01486
36.8 -0.00076 0.00664 0.00598 -0.01451
36.84 -0.00034 0.00604 0.00652 -0.01415
36.88 -0.00053 0.00518 0.00721 -0.0136
36.92 -0.00083 0.00436 0.00845 -0.01348
36.96 -0.00187 0.00326 0.00899 -0.01348
37 -0.0022 0.0027 0.01062 -0.01321
37.04 -0.00216 0.00208 0.01155 -0.01344
37.08 -0.00204 0.00111 0.01256 -0.01313
37.12 -0.00148 0.00029 0.01395 -0.01265
37.16 -0.00158 -0.00059 0.01473 -0.01277
37.2 -0.00135 -0.00112 0.01551 -0.01233
37.24 -0.00116 -0.0017 0.01419 -0.01156
37.28 -0.00099 -0.0022 0.01178 -0.01116
37.32 -0.0004 -0.00269 0.00876 -0.01156
37.36 -0.00017 -0.0038 0.00551 -0.01225
37.4 0.00048 -0.00429 0.00459 -0.01165
37.44 0.00094 -0.0045 0.00436 -0.01091
37.48 0.00094 -0.00519 0.00567 -0.01047
37.52 0.00107 -0.00595 0.0076 -0.0103
37.56 0.00055 -0.00664 0.00621 -0.01022
37.6 0.00058 -0.00664 0.00382 -0.00981
37.64 0.00068 -0.0069 0.00035 -0.01018
37.68 0.00032 -0.00754 -0.0008 -0.0101
37.72 -0.00004 -0.00785 0.00104 -0.00944
37.76 -0.00125 -0.00843 0.00066 -0.0094
37.8 -0.00207 -0.0086 -0.00103 -0.00923
37.84 -0.00278 -0.00907 -0.00311 -0.00931
37.88 -0.00366 -0.01013 -0.00357 -0.0089
37.92 -0.00421 -0.01105 -0.00341 -0.00836
37.96 -0.00551 -0.01222 -0.00441 -0.00865
38 -0.00635 -0.01282 -0.00472 -0.00832
38.04 -0.0069 -0.01359 -0.00548 -0.00828
38.08 -0.00725 -0.01445 -0.00625 -0.00819
38.12 -0.0068 -0.01496 -0.00724 -0.00798
38.16 -0.0068 -0.01556 -0.00931 -0.00798
38.2 -0.00651 -0.01544 -0.01052 -0.00714
38.24 -0.00654 -0.01533 -0.01212 -0.00685
38.28 -0.00677 -0.01519 -0.01342 -0.00668
38.32 -0.00644 -0.01462 -0.01395 -0.00638
38.36 -0.00644 -0.01399 -0.01532 -0.00642
38.4 -0.00586 -0.01311 -0.01578 -0.00552
38.44 -0.00535 -0.01259 -0.01638 -0.00531
38.48 -0.00515 -0.01208 -0.01646 -0.00497
38.52 -0.00483 -0.01145 -0.01555 -0.00423
38.56 -0.00522 -0.01131 -0.01502 -0.00393
38.6 -0.00531 -0.01085 -0.01373 -0.00318
38.64 -0.00547 -0.0105 -0.01273 -0.0031
38.68 -0.0058 -0.01036 -0.01182 -0.00301
38.72 -0.00561 -0.00996 -0.01045 -0.00252
38.76 -0.0058 -0.00999 -0.00953 -0.00213
38.8 -0.00544 -0.00973 -0.00762 -0.00146
38.84 -0.00509 -0.00961 -0.00632 -0.00146
38.88 -0.00512 -0.00964 -0.0054 -0.00146
38.92 -0.00486 -0.0093 -0.00426 -0.00133
38.96 -0.00509 -0.00918 -0.00403 -0.00155
39 -0.00467 -0.00823 -0.00341 -0.00115
39.04 -0.00411 -0.0078 -0.00334 -0.00155
39.08 -0.00379 -0.00771 -0.00349 -0.00173
39.12 -0.00324 -0.00693 -0.00318 -0.00159
39.16 -0.00334 -0.0065 -0.00349 -0.00164
39.2 -0.00324 -0.00569 -0.00303 -0.00146
39.24 -0.00317 -0.00505 -0.00326 -0.00195
39.28 -0.0034 -0.00456 -0.00349 -0.00222
39.32 -0.00327 -0.00374 -0.00341 -0.00226
39.36 -0.0036 -0.00351 -0.00418 -0.00261
39.4 -0.00337 -0.00307 -0.0041 -0.0023
39.44 -0.00291 -0.00281 -0.00426 -0.00274
39.48 -0.00252 -0.00281 -0.00403 -0.00301
39.52 -0.00158 -0.00249 -0.0028 -0.00301
39.56 -0.00122 -0.00272 -0.00203 -0.00353
39.6 -0.0004 -0.00249 -0.00034 -0.00362
39.64 0.00041 -0.0022 0.00097 -0.00397
39.68 0.00114 -0.00182 0.00181 -0.00419
39.72 0.00215 -0.00091 0.0032 -0.00419
39.76 0.00251 -0.00035 0.00382 -0.00462
39.8 0.00294 0.00064 0.0049 -0.00436
39.84 0.00311 0.00144 0.00551 -0.00484
39.88 0.00291 0.00197 0.00559 -0.00531
39.92 0.00304 0.00279 0.00567 -0.00555
39.96 0.00278 0.0032 0.00451 -0.00574
40 0.00297 0.00409 0.00436 -0.00552
40.04 0.00321 0.00495 0.00374 -0.00582
40.08 0.00311 0.0056 0.00297 -0.00608
40.12 0.0033 0.00649 0.00274 -0.00625
40.16 0.00311 0.00673 0.00189 -0.00676
40.2 0.00344 0.00738 0.00189 -0.00646
40.24 0.00413 0.00807 0.00143 -0.00672
40.28 0.00492 0.00872 0.00097 -0.00702
40.32 0.00614 0.00977 0.00097 -0.00718
40.36 0.00704 0.01019 0.00027 -0.00756
40.4 0.0081 0.01081 0.00043 -0.00718
40.44 0.00907 0.01133 0.00027 -0.00727
40.48 0.00967 0.01169 0.0002 -0.00735
40.52 0.01047 0.01247 0.00073 -0.00739
40.56 0.0107 0.0128 0.0005 -0.00765
40.6 0.01101 0.01355 0.00097 -0.00706
40.64 0.01114 0.01421 0.00081 -0.00702
40.68 0.01091 0.0146 0.00035 -0.00663
40.72 0.01104 0.01512 0.00035 -0.00612
40.76 0.01077 0.01487 -0.00034 -0.00608
40.8 0.01067 0.01466 -0.00034 -0.00565
40.84 0.01024 0.01406 -0.00088 -0.00582
40.88 0.0094 0.01307 -0.00149 -0.00574
40.92 0.00907 0.01247 -0.00165 -0.00527
40.96 0.0086 0.01141 -0.00288 -0.00527
41 0.0086 0.01097 -0.00357 -0.00501
41.04 0.00864 0.01063 -0.00449 -0.00522
41.08 0.00847 0.01019 -0.00533 -0.00527
41.12 0.00867 0.01016 -0.00548 -0.00501
41.16 0.0086 0.00965 -0.00632 -0.00522
41.2 0.00877 0.00968 -0.00609 -0.00488
41.24 0.0088 0.0098 -0.00609 -0.00505
41.28 0.00834 0.0098 -0.00609 -0.00501
41.32 0.00787 0.01013 -0.00548 -0.00492
41.36 0.00678 0.00965 -0.00564 -0.00539
41.4 0.00582 0.00941 -0.00479 -0.00497
41.44 0.00489 0.00893 -0.00433 -0.00501
41.48 0.00373 0.00828 -0.00433 -0.00505
41.52 0.00297 0.00857 -0.00372 -0.00497
41.56 0.00199 0.00747 -0.00418 -0.00522
41.6 0.00133 0.00625 -0.00364 -0.00505
41.64 0.00077 0.00507 -0.00364 -0.00531
41.68 0.00009 0.00371 -0.00387 -0.00535
41.72 -0.00011 0.00258 -0.00372 -0.00535
41.76 -0.0005 0.00079 -0.00456 -0.00561
41.8 -0.00057 -0.00053 -0.00441 -0.00535
41.84 -0.0006 -0.00179 -0.00472 -0.00578
41.88 -0.00089 -0.0031 -0.00518 -0.00595
41.92 -0.00086 -0.00394 -0.0051 -0.006
41.96 -0.00129 -0.00525 -0.00594 -0.00629
42 -0.00145 -0.00604 -0.00571 -0.00608
42.04 -0.00174 -0.00679 -0.00579 -0.00612
42.08 -0.00246 -0.00771 -0.00602 -0.00604
42.12 -0.00291 -0.00832 -0.0054 -0.0057
42.16 -0.00376 -0.00944 -0.0054 -0.00578
42.2 -0.00434 -0.01013 -0.00433 -0.00509
42.24 -0.00496 -0.01096 -0.00357 -0.00475
42.28 -0.00586 -0.01208 -0.00295 -0.0044
42.32 -0.00632 -0.01302 -0.00173 -0.00375
42.36 -0.00699 -0.01453 -0.00126 -0.00345
42.4 -0.00735 -0.01567 0.00035 -0.00239
42.44 -0.00773 -0.01678 0.00127 -0.00186
42.48 -0.00825 -0.01788 0.00181 -0.00111
42.52 -0.00838 -0.01827 0.00274 -0.00012
42.56 -0.00886 -0.01892 0.00266 0.00047
42.6 -0.00902 -0.01901 0.00343 0.00169
42.64 -0.00918 -0.01878 0.00374 0.00247
42.68 -0.0095 -0.0187 0.00366 0.00344
42.72 -0.00937 -0.01816 0.0042 0.0046
42.76 -0.00956 -0.01796 0.00366 0.0054
42.8 -0.00947 -0.01729 0.0042 0.00701
42.84 -0.00934 -0.01643 0.0042 0.00811
42.88 -0.00941 -0.01567 0.00397 0.00917
42.92 -0.00918 -0.01453 0.00443 0.01068
42.96 -0.00928 -0.01402 0.00397 0.01176
43 -0.00912 -0.01319 0.00451 0.01349
43.04 -0.00892 -0.01231 0.00451 0.01464
43.08 -0.00902 -0.01173 0.00459 0.0157
43.12 -0.00883 -0.01088 0.00497 0.01682
43.16 -0.00908 -0.01048 0.00474 0.01743
43.2 -0.00921 -0.0097 0.00551 0.01913
43.24 -0.00941 -0.00889 0.00582 0.01996
43.28 -0.00998 -0.00829 0.00582 0.02054
43.32 -0.01033 -0.00736 0.00652 0.02143
43.36 -0.01113 -0.00687 0.00636 0.02153
43.4 -0.01168 -0.00612 0.00714 0.02248
43.44 -0.01216 -0.0054 0.00744 0.02243
43.48 -0.01279 -0.0049 0.00752 0.02248
43.52 -0.01286 -0.00415 0.00822 0.02253
43.56 -0.01311 -0.00377 0.00806 0.02211
43.6 -0.01282 -0.00304 0.00899 0.02259
43.64 -0.01222 -0.00226 0.00953 0.02201
43.68 -0.01164 -0.00164 0.00977 0.02143
43.72 -0.01062 -0.00059 0.01046 0.02111
43.76 -0.01005 0 0.01038 0.02022
43.8 -0.00931 0.00073 0.01131 0.01996
43.84 -0.00857 0.00102 0.01186 0.01898
43.88 -0.00815 0.0005 0.01201 0.01815
43.92 -0.00741 -0.00056 0.01263 0.01728
43.96 -0.00719 -0.00263 0.01248 0.01596
44 -0.0069 -0.0049 0.01318 0.01525
44.04 -0.00664 -0.00763 0.01333 0.01394
44.08 -0.00664 -0.01045 0.01326 0.0127
44.12 -0.00632 -0.01231 0.01357 0.01176
44.16 -0.00629 -0.01365 0.01341 0.01019
44.2 -0.00589 -0.01373 0.01426 0.00922
44.24 -0.00538 -0.01339 0.01473 0.00782
44.28 -0.00512 -0.01356 0.01497 0.00644
44.32 -0.00454 -0.01448 0.01582 0.0055
44.36 -0.00434 -0.01649 0.01605 0.00404
44.4 -0.00399 -0.01819 0.01707 0.00321
44.44 -0.00369 -0.01935 0.01754 0.00201
44.48 -0.00382 -0.01988 0.01754 0.00096
44.52 -0.00379 -0.01999 0.01792 0.0002
44.56 -0.00441 -0.02137 0.01761 -0.00115
44.6 -0.00509 -0.02319 0.01824 -0.00195
44.64 -0.00577 -0.02439 0.01824 -0.00345
44.68 -0.00664 -0.02553 0.01792 -0.00458
44.72 -0.00686 -0.0258 0.01792 -0.00565
44.76 -0.00712 -0.02558 0.01683 -0.0071
44.8 -0.00683 -0.0245 0.01668 -0.00824
44.84 -0.00612 -0.02291 0.01621 -0.00993
44.88 -0.00541 -0.02131 0.01543 -0.01173
44.92 -0.00428 -0.01968 0.01512 -0.01337
44.96 -0.00356 -0.01842 0.01419 -0.01579
45 -0.00272 -0.017 0.01395 -0.01838
45.04 -0.00197 -0.01576 0.01326 -0.02186
45.08 -0.00158 -0.01482 0.01232 -0.02529
45.12 -0.00122 -0.01333 0.01178 -0.02697
45.16 -0.00161 -0.01216 0.01046 -0.02865
45.2 -0.0022 -0.01065 0.01015 -0.03053
45.24 -0.00304 -0.00904 0.00969 -0.03131
45.28 -0.00431 -0.00751 0.00876 -0.03069
45.32 -0.00525 -0.00569 0.00791 -0.02993
45.36 -0.00651 -0.00421 0.00636 -0.029
45.4 -0.00735 -0.00252 0.0059 -0.02757
45.44 -0.00793 -0.00094 0.00513 -0.02694
45.48 -0.00854 0.0002 0.00412 -0.02671
45.52 -0.00854 0.00152 0.00335 -0.02654
45.56 -0.0086 0.00235 0.00166 -0.02654
45.6 -0.00822 0.00335 0.00073 -0.02603
45.64 -0.00764 0.00427 -0.0008 -0.02525
45.68 -0.00732 0.00489 -0.00265 -0.02419
45.72 -0.00674 0.00575 -0.00372 -0.02296
45.76 -0.0066 0.00628 -0.00556 -0.022
45.8 -0.00632 0.00711 -0.00663 -0.02099
45.84 -0.00603 0.00792 -0.00801 -0.02019
45.88 -0.00609 0.00842 -0.00961 -0.01909
45.92 -0.0057 0.00908 -0.0106 -0.01774
45.96 -0.00561 0.00923 -0.01212 -0.01698
46 -0.00483 0.00944 -0.01289 -0.01626
46.04 -0.00366 0.00935 -0.0138 -0.01591
46.08 -0.00246 0.00884 -0.01502 -0.01572
46.12 -0.00063 0.00837 -0.0157 -0.01548
46.16 0.00074 0.00738 -0.01714 -0.01544
46.2 0.00225 0.00652 -0.01775 -0.01474
46.24 0.0036 0.00566 -0.01866 -0.01396
46.28 0.00429 0.00465 -0.01987 -0.01277
46.32 0.00505 0.00415 -0.0204 -0.01169
46.36 0.00502 0.00341 -0.02154 -0.01136
46.4 0.00518 0.00303 -0.02154 -0.01112
46.44 0.00555 0.00262 -0.02154 -0.0112
46.48 0.00578 0.00211 -0.02161 -0.01132
46.52 0.00674 0.00226 -0.02108 -0.01063
46.56 0.00747 0.00244 -0.02138 -0.01018
46.6 0.00864 0.00306 -0.02078 -0.00948
46.64 0.01 0.00379 -0.0204 -0.00919
46.68 0.01104 0.00439 -0.02025 -0.00878
46.72 0.01211 0.00533 -0.01949 -0.00815
46.76 0.01238 0.00599 -0.01964 -0.00803
46.8 0.01245 0.00691 -0.01904 -0.00765
46.84 0.01228 0.00774 -0.01858 -0.00769
46.88 0.01164 0.00804 -0.01843 -0.00773
46.92 0.01137 0.00834 -0.0176 -0.00723
46.96 0.01084 0.0081 -0.01752 -0.0071
47 0.01077 0.00798 -0.01601 -0.00663
47.04 0.01104 0.00762 -0.01487 -0.00672
47.08 0.01117 0.00676 -0.01388 -0.00697
47.12 0.01177 0.00614 -0.01212 -0.00663
47.16 0.01191 0.00525 -0.01106 -0.00651
47.2 0.01228 0.00492 -0.00907 -0.00587
47.24 0.01291 0.00492 -0.00747 -0.00561
47.28 0.01349 0.00489 -0.00609 -0.00535
47.32 0.01436 0.00533 -0.00441 -0.00492
47.36 0.0146 0.00563 -0.0038 -0.00497
47.4 0.0148 0.00625 -0.00242 -0.00453
47.44 0.01483 0.00703 -0.00149 -0.00436
47.48 0.01446 0.00771 -0.00103 -0.00401
47.52 0.01456 0.00881 -0.00011 -0.00345
47.56 0.0144 0.00965 -0.00011 -0.00318
47.6 0.01473 0.01067 0.00066 -0.00261
47.64 0.01554 0.01163 0.00119 -0.00248
47.68 0.01605 0.01229 0.00119 -0.0023
47.72 0.01679 0.0131 0.00173 -0.00182
47.76 0.01682 0.01331 0.0015 -0.00173
47.8 0.01682 0.0137 0.00197 -0.00137
47.84 0.01682 0.01415 0.00212 -0.00142
47.88 0.01642 0.01451 0.00197 -0.00164
47.92 0.01635 0.01539 0.00212 -0.00164
47.96 0.01568 0.01608 0.00143 -0.00213
48 0.01504 0.01711 0.00158 -0.00213
48.04 0.01436 0.01824 0.00158 -0.00235
48.08 0.01342 0.01909 0.00127 -0.0027
48.12 0.01308 0.02009 0.00173 -0.00274
48.16 0.01255 0.02079 0.00143 -0.00318
48.2 0.01261 0.02159 0.00204 -0.00336
48.24 0.01298 0.02241 0.00235 -0.00358
48.28 0.01302 0.02302 0.0022 -0.00393
48.32 0.01342 0.02388 0.00251 -0.00406
48.36 0.01325 0.02419 0.00181 -0.00449
48.4 0.01335 0.02441 0.00197 -0.00436
48.44 0.01359 0.02437 0.00189 -0.00453
48.48 0.01345 0.02388 0.00127 -0.00475
48.52 0.01345 0.02358 0.00104 -0.00471
48.56 0.01275 0.02272 -0.00027 -0.00522
48.6 0.01231 0.02189 -0.00088 -0.00509
48.64 0.01234 0.02064 -0.00203 -0.00539
48.68 0.01234 0.01967 -0.00357 -0.00578
48.72 0.01288 0.01918 -0.00449 -0.00591
48.76 0.01295 0.01845 -0.00617 -0.00638
48.8 0.01318 0.01772 -0.00655 -0.00655
48.84 0.01355 0.01651 -0.00739 -0.00693
48.88 0.01345 0.01469 -0.00862 -0.00744
48.92 0.01345 0.01343 -0.00923 -0.00777
48.96 0.01258 0.01226 -0.0106 -0.00849
49 0.01191 0.01106 -0.01068 -0.00878
49.04 0.01164 0.0092 -0.0106 -0.00948
49.08 0.01127 0.00714 -0.01083 -0.01026
49.12 0.01124 0.00575 -0.0103 -0.01075
49.16 0.01037 0.00403 -0.0106 -0.01173
49.2 0.0097 0.00235 -0.00992 -0.01221
49.24 0.00937 0.001 -0.00953 -0.01297
49.28 0.00894 -0.00018 -0.00969 -0.01384
49.32 0.00874 -0.00082 -0.00892 -0.01431
49.36 0.00771 -0.00155 -0.00915 -0.01521
49.4 0.00668 -0.00185 -0.00831 -0.01548
49.44 0.00585 -0.00202 -0.0077 -0.01583
49.48 0.00479 -0.00231 -0.00747 -0.01618
49.52 0.00423 -0.00228 -0.00655 -0.0161
49.56 0.00324 -0.00266 -0.00663 -0.01637
49.6 0.00261 -0.00293 -0.00579 -0.01618
49.64 0.00242 -0.0031 -0.00525 -0.01629
49.68 0.00212 -0.00348 -0.00495 -0.01641
49.72 0.00242 -0.00357 -0.00387 -0.01618
49.76 0.00229 -0.00403 -0.00357 -0.01633
49.8 0.00232 -0.00438 -0.00257 -0.01606
49.84 0.00238 -0.00458 -0.00173 -0.01595
49.88 0.00202 -0.0049 -0.00134 -0.01606
49.92 0.00186 -0.00487 -0.00011 -0.01579
49.96 0.0011 -0.00546 0.00004 -0.01591
50 0.00051 -0.006 0.00127 -0.01568
50.04 0.00019 -0.00629 0.00235 -0.01564
50.08 -0.00011 -0.00687 0.00335 -0.01572
50.12 0.00012 -0.00714 0.00497 -0.01556
50.16 0.00025 -0.00783 0.00559 -0.01583
50.2 0.00081 -0.00826 0.00729 -0.01548
50.24 0.00156 -0.00843 0.00884 -0.01544
50.28 0.00192 -0.00864 0.00984 -0.01533
50.32 0.00232 -0.00832 0.01163 -0.01486
50.36 0.00196 -0.00812 0.01209 -0.01474
50.4 0.00143 -0.00754 0.0131 -0.01408
50.44 0.00097 -0.00658 0.01357 -0.0136
50.48 0.00035 -0.00583 0.01333 -0.01301
50.52 0.00028 -0.00493 0.0138 -0.01205
50.56 -0.00004 -0.00429 0.0131 -0.0114
50.6 0.00012 -0.00354 0.01333 -0.01026
50.64 0.00045 -0.00272 0.01341 -0.00923
50.68 0.00055 -0.00196 0.0131 -0.00832
50.72 0.00091 -0.00082 0.0138 -0.00718
50.76 0.00064 -0.00012 0.01326 -0.00646
50.8 0.00035 0.00073 0.01395 -0.00514
50.84 0.00005 0.00164 0.01426 -0.00423
50.88 -0.00053 0.00229 0.01388 -0.00358
50.92 -0.00073 0.00332 0.01411 -0.00257
50.96 -0.00112 0.004 0.01294 -0.00217
51 -0.00106 0.00477 0.01263 -0.00128
51.04 -0.00057 0.00539 0.01201 -0.00079
51.08 -0.00021 0.00539 0.01085 -0.00048
51.12 0.00048 0.00536 0.01062 0.00002
51.16 0.00064 0.00468 0.0093 -0.00003
51.2 0.00081 0.00415 0.00907 0.00037
51.24 0.00097 0.00374 0.00876 0.00047
51.28 0.00074 0.00306 0.00814 0.00042
51.32 0.00071 0.00273 0.00829 0.00051
51.36 0.00032 0.00217 0.00737 0.00011
51.4 0.00012 0.00214 0.0076 0.00047
51.44 0.00028 0.00238 0.00791 0.00056
51.48 0.00035 0.00282 0.00791 0.00042
51.52 0.00091 0.00306 0.00853 0.00056
51.56 0.00114 0.00285 0.00775 0.00033
51.6 0.00156 0.00267 0.00767 0.0006
51.64 0.00205 0.00253 0.00714 0.00065
51.68 0.00212 0.00211 0.00629 0.00047
51.72 0.00229 0.00208 0.00652 0.00074
51.76 0.00179 0.00179 0.00575 0.00033
51.8 0.0014 0.00182 0.00605 0.00047
51.84 0.00127 0.00214 0.00621 0.00024
51.88 0.0011 0.00241 0.00598 -0.00012
51.92 0.00159 0.00323 0.00667 -0.00026
51.96 0.00186 0.00376 0.00605 -0.00084
52 0.00235 0.0045 0.00659 -0.00102
52.04 0.00301 0.00516 0.00667 -0.00124
52.08 0.00324 0.00525 0.00605 -0.00182
52.12 0.00367 0.0053 0.00613 -0.00208
52.16 0.0035 0.00462 0.00505 -0.00274
52.2 0.00334 0.00403 0.00505 -0.00301
52.24 0.00324 0.00344 0.00497 -0.00345
52.28 0.00284 0.00262 0.00466 -0.00406
52.32 0.00301 0.00226 0.00528 -0.00436
52.36 0.00284 0.00158 0.00497 -0.00527
52.4 0.00297 0.00129 0.0059 -0.00552
52.44 0.00337 0.00123 0.0069 -0.00608
52.48 0.00347 0.00097 0.0076 -0.00689
52.52 0.0039 0.00105 0.00884 -0.00735
52.56 0.00363 0.00062 0.00876 -0.00832
52.6 0.00327 0.00014 0.00938 -0.0089
52.64 0.00301 -0.00035 0.00938 -0.00956
52.68 0.00245 -0.00106 0.00868 -0.01055
52.72 0.00248 -0.00129 0.00868 -0.01104
52.76 0.00225 -0.00164 0.00737 -0.01185
52.8 0.00215 -0.00152 0.00682 -0.01213
52.84 0.00222 -0.001 0.00582 -0.01265
52.88 0.00202 -0.00041 0.00436 -0.01309
52.92 0.00212 0.00067 0.00351 -0.01337
52.96 0.00186 0.00132 0.00158 -0.01396
53 0.00166 0.00197 0.00097 -0.01404
53.04 0.00166 0.00247 0.0005 -0.01415
53.08 0.0014 0.00235 -0.00019 -0.01427
53.12 0.00163 0.00235 -0.00019 -0.01412
53.16 0.00163 0.00185 -0.00173 -0.01419
53.2 0.00183 0.0015 -0.00272 -0.01352
53.24 0.00225 0.00135 -0.00395 -0.01301
53.28 0.00229 0.00109 -0.00518 -0.01249
53.32 0.00261 0.00123 -0.00533 -0.01185
53.36 0.00229 0.00102 -0.00632 -0.01124
53.4 0.00202 0.00097 -0.00655 -0.0103
53.44 0.00189 0.00094 -0.00701 -0.00948
53.48 0.00143 0.00053 -0.00785 -0.0089
53.52 0.00156 0.00026 -0.00778 -0.00807
53.56 0.0014 -0.00056 -0.00862 -0.00756
53.6 0.00153 -0.00129 -0.00839 -0.00659
53.64 0.00202 -0.00179 -0.00808 -0.00595
53.68 0.00222 -0.00226 -0.00808 -0.00531
53.72 0.00281 -0.00205 -0.00747 -0.00449
53.76 0.00278 -0.00196 -0.00785 -0.0041
53.8 0.00271 -0.00141 -0.00755 -0.00318
53.84 0.00281 -0.00053 -0.00724 -0.00235
53.88 0.00258 0.0002 -0.00739 -0.00164
53.92 0.00284 0.00114 -0.00686 -0.00048
53.96 0.00265 0.00147 -0.00724 0.00037
54 0.00258 0.00176 -0.00678 0.00169
54.04 0.00284 0.00208 -0.0064 0.00289
54.08 0.00284 0.00214 -0.0064 0.0039
54.12 0.00324 0.0025 -0.00564 0.00526
54.16 0.00301 0.0025 -0.00602 0.0062
54.2 0.00271 0.00276 -0.00548 0.00758
54.24 0.00248 0.00323 -0.00518 0.00859
54.28 0.00159 0.0035 -0.00548 0.00917
54.32 0.00127 0.00397 -0.0051 0.01004
54.36 0.00055 0.00391 -0.00564 0.01019
54.4 0.00009 0.00376 -0.00548 0.01102
54.44 -0.00001 0.00359 -0.00525 0.01136
54.48 -0.00034 0.00306 -0.0054 0.01151
54.52 -0.00017 0.00282 -0.00449 0.01191
54.56 -0.00057 0.00223 -0.00464 0.01181
54.6 -0.00096 0.00191 -0.00364 0.01215
54.64 -0.00112 0.00185 -0.00265 0.01245
54.68 -0.00161 0.00158 -0.00211 0.01235
54.72 -0.00148 0.00152 -0.00096 0.0126
54.76 -0.00168 0.00105 -0.00073 0.01215
54.8 -0.00161 0.00059 0.00012 0.0124
54.84 -0.00135 0.00023 0.00073 0.01225
54.88 -0.00151 -0.00038 0.00073 0.01186
54.92 -0.00122 -0.0007 0.00143 0.01156
54.96 -0.00141 -0.00138 0.00135 0.01092
55 -0.00155 -0.0019 0.00197 0.01068
55.04 -0.00141 -0.0022 0.00266 0.01014
55.08 -0.00161 -0.00261 0.00297 0.00941
55.12 -0.00129 -0.00272 0.00397 0.00903
55.16 -0.00129 -0.0031 0.00397 0.00811
55.2 -0.00122 -0.00336 0.00443 0.00763
55.24 -0.00096 -0.00342 0.00474 0.00687
55.28 -0.00116 -0.0038 0.00436 0.00592
55.32 -0.00096 -0.00394 0.00451 0.00521
55.36 -0.00132 -0.00456 0.00358 0.00414
55.4 -0.00174 -0.00499 0.0032 0.0033
55.44 -0.00194 -0.00519 0.00274 0.00247
55.48 -0.00236 -0.00551 0.00189 0.00133
55.52 -0.00207 -0.00548 0.00197 0.0006
55.56 -0.002 -0.00569 0.0015 -0.00048
55.6 -0.00168 -0.00571 0.00173 -0.00106
55.64 -0.00112 -0.00557 0.00212 -0.00159
55.68 -0.00106 -0.00575 0.00212 -0.00239
55.72 -0.0006 -0.00571 0.00289 -0.00283
55.76 -0.00076 -0.00621 0.00274 -0.00362
55.8 -0.00086 -0.00673 0.00312 -0.00384
55.84 -0.00083 -0.0071 0.0032 -0.00423
55.88 -0.00106 -0.00765 0.00281 -0.00453
55.92 -0.0006 -0.00777 0.00297 -0.00462
55.96 -0.00044 -0.00806 0.00235 -0.00497
56 -0.00014 -0.00814 0.00243 -0.00475
56.04 0.00028 -0.00806 0.00243 -0.00453
56.08 0.00022 -0.00829 0.00212 -0.00453
56.12 0.00058 -0.00826 0.00251 -0.00427
56.16 0.00038 -0.00866 0.0022 -0.00414
56.2 0.00022 -0.00887 0.00235 -0.00362
56.24 0.00028 -0.00878 0.00243 -0.00323
56.28 0.00002 -0.00872 0.00189 -0.00305
56.32 0.00035 -0.00812 0.00173 -0.00257
56.36 0.00022 -0.00771 0.00058 -0.00266
56.4 0.00012 -0.00714 -0.00011 -0.00213
56.44 0.00015 -0.00638 -0.00096 -0.00186
56.48 -0.00017 -0.00598 -0.00234 -0.00199
56.52 0.00002 -0.00525 -0.00295 -0.00173
56.56 -0.00001 -0.00485 -0.0041 -0.00204
56.6 0.00012 -0.00415 -0.00433 -0.00186
56.64 0.00064 -0.00322 -0.00441 -0.00173
56.68 0.00071 -0.00246 -0.00472 -0.00182
56.72 0.0012 -0.00132 -0.00433 -0.00173
56.76 0.00104 -0.0007 -0.00479 -0.00195
56.8 0.00077 -0.00015 -0.00456 -0.00177
56.84 0.00064 0.00038 -0.00441 -0.00177
56.88 0.00022 0.00055 -0.00479 -0.00204
56.92 0.00051 0.00111 -0.00464 -0.00199
56.96 0.00051 0.00141 -0.00518 -0.00261
57 0.00068 0.002 -0.00502 -0.00257
57.04 0.00107 0.00288 -0.00487 -0.00279
57.08 0.00104 0.00353 -0.00495 -0.00327
57.12 0.0015 0.00442 -0.00426 -0.00345
57.16 0.0015 0.00474 -0.00403 -0.00401
57.2 0.00159 0.00495 -0.00318 -0.00423
57.24 0.00202 0.00516 -0.00226 -0.0044
57.28 0.00215 0.00518 -0.00203 -0.00509
57.32 0.00288 0.00563 -0.00134 -0.00527
57.36 0.00321 0.0059 -0.00157 -0.00587
57.4 0.00347 0.00646 -0.00149 -0.00591
57.44 0.00393 0.00729 -0.00149 -0.00608
57.48 0.00396 0.0078 -0.00196 -0.00638
57.52 0.00456 0.00846 -0.0018 -0.00625
57.56 0.00475 0.00846 -0.00219 -0.00668
57.6 0.00505 0.00834 -0.00188 -0.00651
57.64 0.00552 0.00828 -0.00142 -0.00659
57.68 0.00545 0.00789 -0.00126 -0.00689
57.72 0.00578 0.00801 -0.00027 -0.00693
57.76 0.00552 0.00786 -0.00011 -0.00744
57.8 0.00522 0.00801 0.0005 -0.00769
57.84 0.00512 0.00839 0.00097 -0.00807
57.88 0.00472 0.00846 0.00089 -0.00878
57.92 0.00499 0.00884 0.00143 -0.00919
57.96 0.00492 0.00872 0.00119 -0.01014
58 0.00495 0.0086 0.00119 -0.01051
58.04 0.00512 0.0086 0.0015 -0.01088
58.08 0.00482 0.00834 0.0015 -0.01144
58.12 0.00499 0.00857 0.0022 -0.01169
58.16 0.00466 0.00857 0.00227 -0.01213
58.2 0.00429 0.00869 0.00289 -0.01201
58.24 0.00416 0.00902 0.00358 -0.01193
58.28 0.0036 0.0089 0.00366 -0.01177
58.32 0.0037 0.00911 0.0042 -0.01108
58.36 0.00334 0.00869 0.00389 -0.01083
58.4 0.00308 0.00819 0.00389 -0.00989
58.44 0.00304 0.00783 0.00405 -0.00903
58.48 0.00261 0.00717 0.00366 -0.00819
58.52 0.00275 0.00706 0.00412 -0.0071
58.56 0.00251 0.00655 0.00405 -0.00659
58.6 0.00229 0.00614 0.00443 -0.00561
58.64 0.00225 0.00578 0.00505 -0.00471
58.68 0.00186 0.00507 0.0052 -0.00401
58.72 0.00192 0.0048 0.00605 -0.00296
58.76 0.00163 0.00409 0.0059 -0.00261
58.8 0.00137 0.0035 0.00613 -0.00177
58.84 0.0014 0.00306 0.00629 -0.00111
58.88 0.00114 0.00232 0.00575 -0.00084
58.92 0.00146 0.00214 0.0059 -0.00034
58.96 0.00143 0.0017 0.00536 -0.00057
59 0.00137 0.00138 0.0052 -0.00039
59.04 0.00146 0.00129 0.00551 -0.00044
59.08 0.0011 0.00079 0.00528 -0.00066
59.12 0.00114 0.0007 0.00582 -0.00061
59.16 0.00087 0.00014 0.00551 -0.00106
59.2 0.00068 -0.00035 0.00559 -0.00102
59.24 0.00074 -0.00062 0.00567 -0.00115
59.28 0.00061 -0.00112 0.00505 -0.00146
59.32 0.00091 -0.00097 0.00528 -0.00137
59.36 0.00097 -0.00112 0.00459 -0.0019
59.4 0.00097 -0.00114 0.00443 -0.00186
59.44 0.00107 -0.00106 0.00451 -0.00195
59.48 0.00071 -0.00147 0.00436 -0.00239
59.52 0.00077 -0.00155 0.00482 -0.00252
59.56 0.00064 -0.00217 0.00451 -0.00323
59.6 0.00061 -0.00272 0.00459 -0.0034
59.64 0.00097 -0.00301 0.00482 -0.00388
59.68 0.0011 -0.00351 0.00443 -0.00445
59.72 0.00159 -0.00336 0.0049 -0.00458
59.76 0.00169 -0.00368 0.00428 -0.00548
59.8 0.00163 -0.00386 0.00436 -0.00574
59.84 0.00166 -0.00403 0.00466 -0.00617
59.88 0.00127 -0.00473 0.00451 -0.00685
59.92 0.00127 -0.00502 0.0052 -0.00697
59.96 0.00101 -0.00571 0.0049 -0.00786
60 0.00081 -0.00621 0.00505 -0.00803
60.04 0.00091 -0.00632 0.00513 -0.00832
60.08 0.00061 -0.00661 0.00466 -0.00882
60.12 0.00061 -0.00629 0.00505 -0.00894
60.16 0.00028 -0.00629 0.00443 -0.00969
60.2 -0.00017 -0.00629 0.00443 -0.00985
60.24 -0.00047 -0.00615 0.00466 -0.0101
60.28 -0.00106 -0.00647 0.00451 -0.01051
60.32 -0.00119 -0.00624 0.00513 -0.01047
60.36 -0.00155 -0.00627 0.00474 -0.01096
60.4 -0.00184 -0.00612 0.00466 -0.01096
60.44 -0.00184 -0.00563 0.00466 -0.01083
60.48 -0.00207 -0.0054 0.0042 -0.01083
60.52 -0.00197 -0.00473 0.00459 -0.01022
60.56 -0.00207 -0.0045 0.00405 -0.01014
60.6 -0.00226 -0.00435 0.00412 -0.00948
60.64 -0.0022 -0.00409 0.00443 -0.00874
60.68 -0.00252 -0.00418 0.0042 -0.00824
60.72 -0.00246 -0.00377 0.00482 -0.00718
60.76 -0.00269 -0.00368 0.00428 -0.00672
60.8 -0.00291 -0.00357 0.00405 -0.0057
60.84 -0.00288 -0.0033 0.00412 -0.00471
60.88 -0.00311 -0.00348 0.00351 -0.00406
60.92 -0.00295 -0.0033 0.00366 -0.00296
60.96 -0.00301 -0.00354 0.00281 -0.00239
61 -0.00317 -0.00377 0.00266 -0.00146
61.04 -0.00317 -0.0038 0.00281 -0.00052
61.08 -0.00356 -0.00412 0.00251 0.00006
61.12 -0.00353 -0.00392 0.00289 0.00096
61.16 -0.00366 -0.004 0.00212 0.00119
61.2 -0.00376 -0.00406 0.00181 0.00174
61.24 -0.0035 -0.00386 0.00158 0.0022
61.28 -0.00356 -0.004 0.00089 0.00229
61.32 -0.00317 -0.0036 0.00097 0.00275
61.36 -0.00308 -0.00342 0.0002 0.00265
61.4 -0.00308 -0.00319 0.00012 0.00302
61.44 -0.00288 -0.00266 0.00035 0.00307
61.48 -0.00308 -0.00249 0.00012 0.00316
61.52 -0.00291 -0.00187 0.0005 0.00367
61.56 -0.00295 -0.00164 -0.00019 0.00353
61.6 -0.00298 -0.00144 -0.00065 0.0039
61.64 -0.00278 -0.00109 -0.00096 0.00428
61.68 -0.00288 -0.00109 -0.00173 0.00437
61.72 -0.00259 -0.0007 -0.0018 0.00489
61.76 -0.00252 -0.00065 -0.00288 0.00493
61.8 -0.00252 -0.00065 -0.00341 0.00536
61.84 -0.0022 -0.00053 -0.00364 0.00564
61.88 -0.00236 -0.00079 -0.00433 0.00554
61.92 -0.002 -0.0007 -0.00418 0.00597
61.96 -0.00181 -0.00091 -0.00495 0.00582
62 -0.00164 -0.00106 -0.00533 0.00597
62.04 -0.00116 -0.00097 -0.00533 0.00616
62.08 -0.00096 -0.0012 -0.00594 0.00601
62.12 -0.00037 -0.001 -0.00586 0.00606
62.16 -0.00004 -0.00114 -0.00671 0.00559
62.2 0.00009 -0.00132 -0.00694 0.0055
62.24 0.00038 -0.00135 -0.00686 0.00536
62.28 0.00019 -0.0017 -0.00701 0.00493
62.32 0.00032 -0.00167 -0.00655 0.00489
62.36 0.00019 -0.00182 -0.00678 0.00437
62.4 0.00005 -0.00193 -0.00663 0.00428
62.44 0.00019 -0.00185 -0.00609 0.00423
62.48 -0.00001 -0.00202 -0.00594 0.00404
62.52 0.00009 -0.0019 -0.00525 0.00409
62.56 -0.00004 -0.00202 -0.00548 0.00372
62.6 -0.00034 -0.0022 -0.00518 0.00376
62.64 -0.00034 -0.00211 -0.00464 0.0039
62.68 -0.0007 -0.00222 -0.00449 0.00376
62.72 -0.0006 -0.00196 -0.00357 0.00404
62.76 -0.00063 -0.00196 -0.00357 0.00381
62.8 -0.0007 -0.00196 -0.00318 0.00381
62.84 -0.0005 -0.0019 -0.00242 0.00395
62.88 -0.0007 -0.0022 -0.00219 0.00363
62.92 -0.0005 -0.0022 -0.00142 0.00372
62.96 -0.00063 -0.00246 -0.00157 0.00335
63 -0.00086 -0.00269 -0.00142 0.00321
63.04 -0.00089 -0.00266 -0.00088 0.00316
63.08 -0.00132 -0.0029 -0.00073 0.0027
63.12 -0.00135 -0.00281 0.00012 0.00265
63.16 -0.00158 -0.00304 0.00027 0.00201
63.2 -0.00187 -0.00339 0.00081 0.00169
63.24 -0.00184 -0.0036 0.00173 0.00147
63.28 -0.00213 -0.00409 0.0022 0.00083
63.32 -0.002 -0.00421 0.0032 0.00069
63.36 -0.0021 -0.00453 0.00328 0.00015
63.4 -0.00233 -0.00485 0.00374 -0.00016
63.44 -0.00233 -0.00496 0.00451 -0.00039
63.48 -0.00265 -0.00531 0.00466 -0.00088
63.52 -0.00252 -0.0054 0.00559 -0.00102
63.56 -0.00256 -0.00569 0.00575 -0.00155
63.6 -0.00272 -0.00592 0.00613 -0.00173
63.64 -0.00265 -0.00589 0.00675 -0.0019
63.68 -0.00308 -0.00604 0.00675 -0.0023
63.72 -0.00314 -0.00575 0.00744 -0.00226
63.76 -0.0035 -0.00569 0.00698 -0.00266
63.8 -0.00399 -0.00569 0.00682 -0.00283
63.84 -0.00425 -0.00554 0.0069 -0.00283
63.88 -0.00479 -0.00571 0.00652 -0.00323
63.92 -0.00489 -0.0056 0.0069 -0.00318
63.96 -0.00512 -0.00566 0.00636 -0.00362
64 -0.00547 -0.00571 0.00613 -0.00371
64.04 -0.00547 -0.00551 0.00636 -0.00375
64.08 -0.00586 -0.00563 0.0059 -0.00406
64.12 -0.00573 -0.00543 0.00613 -0.00397
64.16 -0.00577 -0.00546 0.00543 -0.00432
64.2 -0.00586 -0.00554 0.00505 -0.00436
64.24 -0.00567 -0.00534 0.00505 -0.00427
64.28 -0.00573 -0.00537 0.00459 -0.00453
64.32 -0.00525 -0.00502 0.00505 -0.00419
64.36 -0.00493 -0.00479 0.00459 -0.00449
64.4 -0.00473 -0.00456 0.00443 -0.0044
64.44 -0.00431 -0.00418 0.00474 -0.00423
64.48 -0.00434 -0.00415 0.00436 -0.0044
64.52 -0.00395 -0.00383 0.00474 -0.00423
64.56 -0.00386 -0.00371 0.00412 -0.00432
64.6 -0.00382 -0.00368 0.00382 -0.00432
64.64 -0.00356 -0.00342 0.00382 -0.00406
64.68 -0.00363 -0.00348 0.00328 -0.00414
64.72 -0.00327 -0.00322 0.00358 -0.00384
64.76 -0.00311 -0.00322 0.00304 -0.00397
64.8 -0.00304 -0.0033 0.00281 -0.00371
64.84 -0.00278 -0.00313 0.00281 -0.00349
64.88 -0.00285 -0.00319 0.0022 -0.00353
64.92 -0.00252 -0.00284 0.00243 -0.00332
64.96 -0.00236 -0.00266 0.00166 -0.00336
65 -0.00233 -0.00249 0.00112 -0.00327
65.04 -0.002 -0.00214 0.00097 -0.00318
65.08 -0.00207 -0.00211 0.0002 -0.0034
65.12 -0.00171 -0.00173 0.0005 -0.00327
65.16 -0.00155 -0.00158 -0.00011 -0.00362
65.2 -0.00164 -0.00147 -0.00019 -0.00371
65.24 -0.00151 -0.00117 0.00012 -0.00371
65.28 -0.00184 -0.0012 -0.00027 -0.00401
65.32 -0.00171 -0.00097 0.00035 -0.00379
65.36 -0.00171 -0.00097 0.0002 -0.00406
65.4 -0.00181 -0.00112 0.00012 -0.00406
65.44 -0.00158 -0.001 0.00066 -0.00397
65.48 -0.00171 -0.0012 0.00058 -0.00406
65.52 -0.00141 -0.00109 0.00143 -0.00371
65.56 -0.00129 -0.00114 0.00143 -0.00384
65.6 -0.00132 -0.00123 0.00189 -0.00362
65.64 -0.00109 -0.00114 0.00258 -0.00336
65.68 -0.00122 -0.00138 0.00258 -0.00345
65.72 -0.00086 -0.00129 0.00366 -0.00305
65.76 -0.00066 -0.00144 0.00366 -0.00301
65.8 -0.0007 -0.00164 0.00389 -0.00274
65.84 -0.00044 -0.00161 0.00459 -0.00235
65.88 -0.00073 -0.00196 0.00443 -0.00226
65.92 -0.00057 -0.00196 0.00551 -0.00186
65.96 -0.00063 -0.00217 0.00536 -0.00186
66 -0.00089 -0.00252 0.00575 -0.00177
66.04 -0.00086 -0.00266 0.00636 -0.00151
66.08 -0.00116 -0.00313 0.00629 -0.00164
66.12 -0.00102 -0.00322 0.00706 -0.00133
66.16 -0.00109 -0.00348 0.0069 -0.00155
66.2 -0.00132 -0.00383 0.00682 -0.00159
66.24 -0.00135 -0.00397 0.00714 -0.00146
66.28 -0.00174 -0.00444 0.00675 -0.00155
66.32 -0.00174 -0.0045 0.00744 -0.00133
66.36 -0.00184 -0.0047 0.00721 -0.00169
66.4 -0.00207 -0.00496 0.00714 -0.00164
66.44 -0.002 -0.00493 0.00744 -0.00151
66.48 -0.00223 -0.00517 0.00682 -0.00164
66.52 -0.00204 -0.00496 0.00721 -0.00137
66.56 -0.00204 -0.0049 0.00659 -0.00173
66.6 -0.0022 -0.00496 0.00613 -0.00177
66.64 -0.0022 -0.00476 0.00605 -0.00173
66.68 -0.00246 -0.0049 0.0052 -0.00186
66.72 -0.00236 -0.00464 0.00551 -0.00164
66.76 -0.00236 -0.00458 0.00497 -0.00195
66.8 -0.00252 -0.00464 0.00451 -0.00208
66.84 -0.00243 -0.00453 0.00451 -0.00208
66.88 -0.00269 -0.00473 0.00358 -0.00235
66.92 -0.00256 -0.00453 0.00366 -0.00222
66.96 -0.00262 -0.0045 0.00297 -0.00279
67 -0.00282 -0.00453 0.00251 -0.00305
67.04 -0.00272 -0.00424 0.00243 -0.00305
67.08 -0.00291 -0.00421 0.00158 -0.0034
67.12 -0.00269 -0.00368 0.00197 -0.00314
67.16 -0.00256 -0.0033 0.00127 -0.0034
67.2 -0.00259 -0.00298 0.00073 -0.0034
67.24 -0.00236 -0.0024 0.0005 -0.00318
67.28 -0.00252 -0.00217 -0.0005 -0.00332
67.32 -0.0022 -0.00152 -0.00027 -0.00292
67.36 -0.00197 -0.00112 -0.00103 -0.00323
67.4 -0.00187 -0.00091 -0.00149 -0.00323
67.44 -0.00138 -0.0005 -0.00149 -0.00305
67.48 -0.00125 -0.0005 -0.00234 -0.00318
67.52 -0.0007 -0.00015 -0.00211 -0.00292
67.56 -0.00027 0 -0.00295 -0.00314
67.6 -0.00004 0.00003 -0.00349 -0.00314
67.64 0.00045 0.00029 -0.00357 -0.00301
67.68 0.00061 0.00017 -0.00433 -0.00323
67.72 0.0011 0.00053 -0.00403 -0.00288
67.76 0.00143 0.0007 -0.00441 -0.0031
67.8 0.00156 0.00079 -0.00464 -0.00314
67.84 0.00192 0.00117 -0.00433 -0.00305
67.88 0.00189 0.0012 -0.00472 -0.00318
67.92 0.00219 0.0017 -0.00387 -0.00296
67.96 0.00232 0.00203 -0.00403 -0.00314
68 0.00225 0.0022 -0.00395 -0.00323
68.04 0.00255 0.00258 -0.00357 -0.00318
68.08 0.00242 0.00264 -0.00403 -0.0034
68.12 0.00275 0.00312 -0.00326 -0.00323
68.16 0.00294 0.00344 -0.00334 -0.00371
68.2 0.00297 0.0035 -0.00341 -0.00371
68.24 0.0033 0.00379 -0.00295 -0.00362
68.28 0.00317 0.00371 -0.00334 -0.00379
68.32 0.00344 0.004 -0.00257 -0.00345
68.36 0.00357 0.00403 -0.00249 -0.00366
68.4 0.00347 0.00391 -0.00265 -0.00345
68.44 0.0037 0.00397 -0.00226 -0.0031
68.48 0.0034 0.00365 -0.00257 -0.00296
68.52 0.00347 0.00362 -0.0018 -0.00235
68.56 0.0034 0.00344 -0.00188 -0.00239
68.6 0.00308 0.00303 -0.0018 -0.00213
68.64 0.00308 0.00285 -0.00126 -0.00177
68.68 0.00261 0.00223 -0.00157 -0.00169
68.72 0.00255 0.002 -0.0008 -0.00115
68.76 0.00242 0.00158 -0.00103 -0.00124
68.8 0.00212 0.001 -0.00126 -0.00106
68.84 0.00215 0.00053 -0.00103 -0.00075
68.88 0.00169 -0.00024 -0.00165 -0.00061
68.92 0.00169 -0.00062 -0.00111 -0.00012
68.96 0.00163 -0.00117 -0.00134 -0.00016
69 0.00133 -0.00182 -0.00149 0.00006
69.04 0.00143 -0.00217 -0.00111 0.00051
69.08 0.00107 -0.00275 -0.00134 0.00065
69.12 0.00107 -0.0029 -0.0005 0.00119
69.16 0.00101 -0.00307 -0.00042 0.0011
69.2 0.00081 -0.0033 -0.00034 0.00115
69.24 0.00084 -0.00319 0.0002 0.00137
69.28 0.00048 -0.00328 -0.00003 0.00124
69.32 0.00058 -0.00293 0.00081 0.00147
69.36 0.00068 -0.00263 0.00058 0.00115
69.4 0.00061 -0.00246 0.00073 0.00105
69.44 0.00097 -0.00202 0.00127 0.00115
69.48 0.00081 -0.00187 0.00081 0.00101
69.52 0.0012 -0.00132 0.00158 0.00133
69.56 0.0015 -0.00094 0.00143 0.00115
69.6 0.00163 -0.0007 0.00127 0.00119
69.64 0.00215 -0.00027 0.0015 0.00147
69.68 0.00215 -0.00009 0.00104 0.00147
69.72 0.00268 0.00044 0.0015 0.00174
69.76 0.00297 0.00088 0.00119 0.00142
69.8 0.00311 0.0012 0.00104 0.00147
69.84 0.00357 0.00176 0.00127 0.0016
69.88 0.00347 0.00211 0.00089 0.00142
69.92 0.00373 0.00279 0.00135 0.00169
69.96 0.0039 0.00335 0.00119 0.00133
70 0.00383 0.00374 0.00104 0.00124
70.04 0.0041 0.00433 0.0015 0.00124
70.08 0.0038 0.00459 0.00135 0.00101
70.12 0.00393 0.0051 0.00204 0.00133
70.16 0.004 0.00542 0.00204 0.00087
70.2 0.0038 0.00551 0.00204 0.00078
70.24 0.00403 0.00575 0.00243 0.00083
70.28 0.00367 0.00563 0.00204 0.0006
70.32 0.00377 0.00581 0.00243 0.00087
70.36 0.00373 0.00587 0.0022 0.00065
70.4 0.0035 0.00575 0.00197 0.0006
70.44 0.0036 0.00587 0.0022 0.0006
70.48 0.00311 0.00572 0.00181 0.00042
70.52 0.00304 0.00593 0.0022 0.0006
70.56 0.00288 0.00602 0.00189 0.0002
70.6 0.00255 0.00593 0.00158 -0.00012
70.64 0.00261 0.00604 0.00166 -0.00026
70.68 0.00219 0.00578 0.00112 -0.00079
70.72 0.00215 0.00584 0.00135 -0.00093
70.76 0.00212 0.00569 0.00097 -0.00151
70.8 0.00186 0.00527 0.00066 -0.00195
70.84 0.00202 0.00501 0.00089 -0.00213
70.88 0.00163 0.00436 0.00035 -0.00252
70.92 0.00169 0.00397 0.00073 -0.00248
70.96 0.00166 0.00344 0.0005 -0.00279
71 0.00146 0.00273 0.0002 -0.00292
71.04 0.00163 0.00229 0.00027 -0.00288
71.08 0.0012 0.00147 -0.00019 -0.00314
71.12 0.0012 0.00109 0.00012 -0.00288
71.16 0.00114 0.00055 -0.00011 -0.00314
71.2 0.00087 -0.00006 -0.00019 -0.00323
71.24 0.00094 -0.00038 0.00012 -0.00314
71.28 0.00048 -0.00097 -0.00011 -0.00336
71.32 0.00045 -0.0012 0.00043 -0.0031
71.36 0.00038 -0.0015 0.00043 -0.00336
71.4 0.00002 -0.00196 0.00035 -0.00345
71.44 0.00009 -0.00214 0.00089 -0.00323
71.48 -0.0004 -0.00269 0.00081 -0.00327
71.52 -0.00044 -0.00287 0.00143 -0.00283
71.56 -0.0005 -0.00316 0.00158 -0.00288
71.6 -0.00073 -0.00368 0.00166 -0.00279
71.64 -0.0006 -0.00394 0.0022 -0.00244
71.68 -0.00096 -0.00464 0.00204 -0.00248
71.72 -0.00089 -0.00493 0.00266 -0.00195
71.76 -0.00086 -0.00528 0.00281 -0.00195
71.8 -0.00106 -0.00577 0.00297 -0.00177
71.84 -0.00086 -0.00589 0.00351 -0.00142
71.88 -0.00122 -0.00629 0.00343 -0.00151
71.92 -0.00119 -0.00621 0.0042 -0.00093
71.96 -0.00122 -0.00615 0.0042 -0.00093
72 -0.00151 -0.00621 0.00412 -0.00079
72.04 -0.00138 -0.00595 0.00451 -0.00048
72.08 -0.00184 -0.006 0.0042 -0.00048
72.12 -0.00184 -0.00571 0.00466 -0.00008
72.16 -0.00194 -0.00551 0.00459 -0.00012
72.2 -0.00233 -0.00551 0.00436 0.00002
72.24 -0.00226 -0.00522 0.00466 0.00051
72.28 -0.00291 -0.00537 0.00412 0.00042
72.32 -0.00314 -0.00517 0.00436 0.00115
72.36 -0.0035 -0.00499 0.00405 0.00115
72.4 -0.00402 -0.00496 0.00358 0.00137
72.44 -0.00415 -0.00458 0.00358 0.00187
72.48 -0.00476 -0.00458 0.00297 0.00178
72.52 -0.00493 -0.00418 0.00312 0.00243
72.56 -0.00509 -0.00386 0.00289 0.00238
72.6 -0.00535 -0.00368 0.00251 0.00252
72.64 -0.00512 -0.00322 0.00266 0.00284
72.68 -0.00531 -0.00322 0.00212 0.00265
72.72 -0.00512 -0.0029 0.00243 0.00321
72.76 -0.00496 -0.00269 0.00227 0.00307
72.8 -0.00499 -0.00275 0.00204 0.00312
72.84 -0.00467 -0.00258 0.00243 0.0034
72.88 -0.00493 -0.00293 0.00204 0.0034
72.92 -0.00476 -0.00295 0.00251 0.00381
72.96 -0.00467 -0.0031 0.00251 0.00372
73 -0.00479 -0.00351 0.00235 0.00376
73.04 -0.00454 -0.00362 0.00274 0.00395
73.08 -0.00473 -0.00421 0.00235 0.00367
73.12 -0.00454 -0.00447 0.00274 0.004
73.16 -0.00434 -0.00476 0.00266 0.00358
73.2 -0.00441 -0.00525 0.00258 0.0034
73.24 -0.00405 -0.0054 0.00289 0.00335
73.28 -0.00431 -0.006 0.00243 0.0027
73.32 -0.00418 -0.00618 0.00289 0.0028
73.36 -0.00418 -0.0065 0.00289 0.0022
73.4 -0.00441 -0.00693 0.00266 0.00183
73.44 -0.00437 -0.00705 0.00289 0.00169
73.48 -0.00476 -0.0076 0.00243 0.0011
73.52 -0.00479 -0.00777 0.00274 0.00119
73.56 -0.00486 -0.008 0.00258 0.00074
73.6 -0.00512 -0.00838 0.00227 0.00042
73.64 -0.00502 -0.00843 0.00251 0.00029
73.68 -0.00528 -0.00892 0.00212 -0.00034
73.72 -0.00525 -0.00904 0.00258 -0.00021
73.76 -0.00518 -0.00918 0.00258 -0.0007
73.8 -0.00531 -0.0095 0.00258 -0.00111
73.84 -0.00512 -0.0095 0.00304 -0.00133
73.88 -0.00535 -0.00999 0.00297 -0.00208
73.92 -0.00528 -0.01007 0.00366 -0.00222
73.96 -0.00518 -0.01019 0.00412 -0.00296
74 -0.00531 -0.01048 0.00428 -0.00353
74.04 -0.00509 -0.01036 0.00497 -0.00393
74.08 -0.00525 -0.01068 0.0049 -0.00458
74.12 -0.00515 -0.01053 0.0059 -0.00471
74.16 -0.00499 -0.01036 0.00629 -0.00535
74.2 -0.00505 -0.01027 0.00659 -0.0057
74.24 -0.00476 -0.00979 0.00737 -0.00587
74.28 -0.00483 -0.00967 0.00737 -0.00646
74.32 -0.00454 -0.00907 0.00814 -0.00634
74.36 -0.00425 -0.00849 0.00868 -0.00672
74.4 -0.00418 -0.00806 0.00853 -0.00714
74.44 -0.00379 -0.00719 0.00907 -0.00706
74.48 -0.00379 -0.00682 0.00868 -0.00756
74.52 -0.00353 -0.00604 0.00922 -0.00748
74.56 -0.00327 -0.00522 0.00922 -0.00782
74.6 -0.00334 -0.00467 0.00899 -0.00807
74.64 -0.00308 -0.00377 0.00922 -0.00828
74.68 -0.00324 -0.00336 0.00868 -0.00861
74.72 -0.00314 -0.00263 0.00907 -0.0084
74.76 -0.00304 -0.00193 0.00899 -0.00857
74.8 -0.00311 -0.00147 0.0086 -0.00861
74.84 -0.00285 -0.00065 0.00876 -0.00844
74.88 -0.00295 -0.00038 0.00806 -0.00857
74.92 -0.00265 0.0002 0.00845 -0.00815
74.96 -0.00226 0.00067 0.00814 -0.00807
75 -0.00207 0.00091 0.00775 -0.00807
75.04 -0.00141 0.00141 0.00783 -0.00782
75.08 -0.00106 0.00132 0.00714 -0.00807
75.12 -0.0005 0.00155 0.00737 -0.0076
75.16 0.00012 0.0017 0.00714 -0.00769
75.2 0.00048 0.00155 0.00675 -0.00777
75.24 0.00114 0.00179 0.00682 -0.00756
75.28 0.0014 0.0015 0.00605 -0.00782
75.32 0.00183 0.00158 0.00629 -0.00748
75.36 0.00222 0.00167 0.00598 -0.00756
75.4 0.00235 0.00158 0.00543 -0.0076
75.44 0.00271 0.00188 0.00543 -0.00723
75.48 0.00271 0.00176 0.00451 -0.00727
75.52 0.00294 0.00205 0.00466 -0.00672
75.56 0.00321 0.00232 0.00436 -0.00651
75.6 0.00317 0.00241 0.00382 -0.00629
75.64 0.00347 0.00285 0.00366 -0.00582
75.68 0.00337 0.00282 0.00258 -0.0057
75.72 0.00344 0.00315 0.00251 -0.00514
75.76 0.00357 0.00341 0.00204 -0.00492
75.8 0.00337 0.00347 0.00135 -0.00475
75.84 0.00354 0.00383 0.00119 -0.0044
75.88 0.00327 0.00371 0.00027 -0.0044
75.92 0.00327 0.00391 0.00043 -0.00379
75.96 0.00334 0.00406 0.00012 -0.00384
76 0.00324 0.004 -0.00042 -0.00375
76.04 0.00354 0.00427 -0.0005 -0.0034
76.08 0.00354 0.00415 -0.00119 -0.00362
76.12 0.0038 0.00433 -0.00088 -0.00314
76.16 0.00419 0.0045 -0.00096 -0.0031
76.2 0.00439 0.00444 -0.00142 -0.00292
76.24 0.00489 0.00468 -0.00142 -0.00257
76.28 0.00502 0.00447 -0.00203 -0.00261
76.32 0.00535 0.00456 -0.00173 -0.00222
76.36 0.00568 0.00462 -0.00203 -0.00222
76.4 0.00578 0.00447 -0.00242 -0.00226
76.44 0.00621 0.00468 -0.00234 -0.00213
76.48 0.00621 0.00454 -0.00288 -0.00248
76.52 0.00641 0.00477 -0.00249 -0.00222
76.56 0.00664 0.00504 -0.00242 -0.00239
76.6 0.00661 0.00518 -0.00265 -0.00257
76.64 0.00691 0.00581 -0.00234 -0.00239
76.68 0.00678 0.00602 -0.00272 -0.00266
76.72 0.00684 0.00649 -0.00211 -0.00239
76.76 0.00697 0.00706 -0.00188 -0.00252
76.8 0.00684 0.00738 -0.00196 -0.00261
76.84 0.00711 0.00801 -0.00157 -0.00248
76.88 0.00691 0.00819 -0.0018 -0.00266
76.92 0.00697 0.0086 -0.00119 -0.00248
76.96 0.00714 0.00899 -0.00103 -0.00257
77 0.00707 0.00911 -0.00119 -0.00261
77.04 0.00734 0.0095 -0.00073 -0.00244
77.08 0.00717 0.00938 -0.00134 -0.00266
77.12 0.00717 0.0095 -0.00088 -0.00235
77.16 0.00731 0.00959 -0.0008 -0.00235
77.2 0.00714 0.00947 -0.00103 -0.00244
77.24 0.00737 0.00956 -0.00073 -0.00226
77.28 0.00707 0.00935 -0.00111 -0.00248
77.32 0.00701 0.00929 -0.00065 -0.00222
77.36 0.00701 0.00917 -0.00034 -0.00244
77.4 0.00678 0.00875 -0.0005 -0.00252
77.44 0.00691 0.0086 -0.00011 -0.00248
77.48 0.00658 0.00795 -0.0005 -0.00274
77.52 0.00651 0.00747 -0.00011 -0.00261
77.56 0.00658 0.00694 0.00004 -0.0027
77.6 0.00641 0.00614 -0.00027 -0.00283
77.64 0.00671 0.0056 0.00004 -0.00266
77.68 0.00648 0.00474 -0.00057 -0.00283
77.72 0.00648 0.00415 -0.00034 -0.00257
77.76 0.00658 0.00365 -0.00042 -0.00257
77.8 0.00641 0.00297 -0.0008 -0.00257
77.84 0.00654 0.00264 -0.00057 -0.0023
77.88 0.00614 0.00211 -0.00126 -0.0023
77.92 0.00588 0.00179 -0.00103 -0.00182
77.96 0.00568 0.00155 -0.00111 -0.00177
78 0.00518 0.00117 -0.00157 -0.00169
78.04 0.00509 0.00111 -0.00142 -0.00137
78.08 0.00449 0.00076 -0.00203 -0.00146
78.12 0.00416 0.00064 -0.00173 -0.00119
78.16 0.004 0.00062 -0.00165 -0.00124
78.2 0.00367 0.00038 -0.00203 -0.00137
78.24 0.0038 0.00047 -0.00173 -0.00128
78.28 0.00347 0.00023 -0.00226 -0.00142
78.32 0.0034 0.00026 -0.00196 -0.00119
78.36 0.00344 0.00023 -0.00188 -0.00111
78.4 0.00324 0.00006 -0.00211 -0.00119
78.44 0.00337 0.00014 -0.00173 -0.00079
78.48 0.00301 -0.00006 -0.00211 -0.00084
78.52 0.00278 -0.00009 -0.00149 -0.00048
78.56 0.00265 -0.00003 -0.00111 -0.00044
78.6 0.00225 -0.00015 -0.00119 -0.0003
78.64 0.00222 0.00009 -0.00057 -0.00012
78.68 0.00173 0 -0.00088 -0.00044
78.72 0.00146 0.00012 -0.00034 -0.00021
78.76 0.0014 0.00032 -0.00003 -0.00039
78.8 0.00104 0.00029 -0.00019 -0.00066
78.84 0.00117 0.00053 0.00043 -0.00061
78.88 0.00081 0.00041 0.00004 -0.00093
78.92 0.00068 0.00044 0.0005 -0.00079
78.96 0.00077 0.00053 0.00073 -0.00093
79 0.00061 0.00038 0.00058 -0.00115
79.04 0.00087 0.00055 0.00097 -0.00115
79.08 0.00064 0.00044 0.00058 -0.00142
79.12 0.00064 0.00053 0.00104 -0.00146
79.16 0.00077 0.00073 0.00119 -0.00186
79.2 0.00068 0.0007 0.00112 -0.00226
79.24 0.00097 0.00102 0.00173 -0.00248
79.28 0.00077 0.00097 0.0015 -0.0031
79.32 0.00074 0.00111 0.00212 -0.00318
79.36 0.00084 0.00123 0.00258 -0.00353
79.4 0.00064 0.00111 0.00258 -0.00393
79.44 0.00077 0.00126 0.00328 -0.0041
79.48 0.00041 0.00094 0.00289 -0.00449
79.52 0.00025 0.00076 0.00351 -0.00445
79.56 0.00022 0.00059 0.00374 -0.00466
79.6 0.00002 0.00012 0.00351 -0.00509
79.64 0.00019 -0.00003 0.00405 -0.00514
79.68 -0.00001 -0.00053 0.00358 -0.00561
79.72 -0.00001 -0.00085 0.00405 -0.00557
79.76 0.00025 -0.00106 0.00428 -0.00582
79.8 0.00032 -0.00138 0.00405 -0.00634
79.84 0.00074 -0.00135 0.00459 -0.00638
79.88 0.00071 -0.00164 0.00397 -0.00702
79.92 0.00077 -0.00161 0.00436 -0.00697
79.96 0.00094 -0.00147 0.00443 -0.00731
