# Reference: Briggs, M.J., Synolakis, C.E., Harkins, G.S. & Green, D.R. (1995). Laboratory experiments of tsunami runup on a circular island. Pure and Applied Geophysics 144(3/4), 569-593.
# Source repo: https://github.com/fengyanshi/FUNWAVE-TVD  commit b4c322e7582035ee19df8e6409a3dfedaff1cb96, path benchmarks/car_conical_island/work_case_B/B.txt
# (byte-identical copy also in benchmarks/sph_conical_island/work_case_B/B.txt)
# Case B: solitary wave, FUNWAVE input.txt 'AMP = 0.02912', 'DEP = 0.32' (water depth 0.32 m) -> H/d = 0.02912/0.32.
# Content: MEASURED free-surface elevation time series at 4 wave gauges. plot_comparison.m:
#   't=data1(:,1); measure(:,1)=data1(:,2); ... measure(:,4)=data1(:,5);', gauge labels ' 6',' 9','16','22', ylabel('eta (m)').
# Columns: (1) time t [s], laboratory time base (model results are shifted onto it: 'time_lag_case_A=23.34;  tmodel=data(:,1) + time_lag_case_A');
#          (2) eta at gauge 6 [m]; (3) eta at gauge 9 [m]; (4) eta at gauge 16 [m]; (5) eta at gauge 22 [m].
# Sampling: regular, dt = 0.04 s, t = 20.00 ... 79.96 s (1500 rows) -> looks like original instrument records.
# Island geometry (input/conical.m): 'r1=3.6' (toe radius, m), 'depth0=0.32' (tank depth, m), 'hcone=0.625' (cone height, m), 'slope=0.25' (cone side slope 1:4).
#   The FUNWAVE depth.txt (702x602, DX=DY=0.05 m) actually used has the cone centred at 1-based grid i=461, j=277 (x=23.0 m, y=13.8 m with x=(i-1)*DX),
#   i.e. NOT at conical.m's 'x0=12.96; y0=13.30'; min depth -0.305 m (crest 0.305 m above SWL); top truncated per conical.m. The flat top radius is not stated explicitly in the repo.
# Gauge positions: only the FUNWAVE model station indices are in the repo (gauges.txt, 1-based i,j, DX=DY=0.05):
#   gauge 6 = sta_0001 (389,278): 3.60 m upwave of cone centre on the centreline (r = toe radius);
#   gauge 9 = sta_0002 (412,278): 2.45 m upwave of centre;  gauge 16 = sta_0008 (461,328): 2.55 m to the side (y+) of centre;
#   gauge 22 = sta_0013 (513,278): 2.60 m downwave (lee side) of centre.
#   These are model station locations; the original Briggs et al. lab gauge coordinates are not given in this repo.
# Wave direction: +x (solitary wave initialised at 'XWAVEMAKER = 8.0' m in the model).
# NOT AVAILABLE in repo: measured run-up around the island (angle vs run-up height) -- no such file exists in FUNWAVE-TVD car_/sph_conical_island.
# Cross-check: identical (to <=2.4e-4 m at a single gauge-22 sample, otherwise exact) to the NTHMP 2011 workshop lab file Conical_GaugeABC.mat (eta in cm, 'load Conical_GaugeABC.mat    % Experimental Data Time vs. Elevation(cm)') in https://github.com/fengyanshi/NHWAVE commit 286036b49872f7783de8cbcf574b018c314f3ed8, examples/inundation_benchmarks/Solitary_wave_on_a_conical_island/time_solution/.
20 0.00048 -0.00001 0.00186 -0.00155
20.04 0.00026 -0.00012 0.00155 -0.00177
20.08 0.00058 0.00008 0.00186 -0.00155
20.12 0.00042 -0.00009 0.00147 -0.00186
20.16 0.00032 -0.00012 0.0017 -0.00159
20.2 0.00048 -0.00001 0.00186 -0.00146
20.24 0.00023 -0.00012 0.00155 -0.00173
20.28 0.00055 0.00008 0.00194 -0.00155
20.32 0.00042 -0.00009 0.00147 -0.00191
20.36 0.00036 -0.00012 0.0017 -0.00164
20.4 0.00048 -0.00001 0.00178 -0.00155
20.44 0.00032 -0.00012 0.00155 -0.00168
20.48 0.00055 0.00008 0.00186 -0.00155
20.52 0.00039 -0.00009 0.00147 -0.00186
20.56 0.00032 -0.00015 0.0017 -0.00164
20.6 0.00048 -0.00001 0.00178 -0.00159
20.64 0.00023 -0.00012 0.00155 -0.00173
20.68 0.00055 0.00008 0.00194 -0.00146
20.72 0.00042 -0.00012 0.00147 -0.00186
20.76 0.00036 -0.00012 0.0017 -0.00159
20.8 0.00048 -0.00001 0.00186 -0.00159
20.84 0.00026 -0.00012 0.00155 -0.00168
20.88 0.00055 0.00008 0.00194 -0.00155
20.92 0.00042 -0.00012 0.00147 -0.00181
20.96 0.00036 -0.00012 0.0017 -0.00159
21 0.00048 -0.00001 0.00178 -0.0015
21.04 0.00026 -0.00015 0.00155 -0.00173
21.08 0.00055 0.00008 0.00194 -0.00159
21.12 0.00042 -0.00009 0.00147 -0.00186
21.16 0.00036 -0.00012 0.0017 -0.00159
21.2 0.00048 -0.00001 0.00178 -0.00159
21.24 0.00026 -0.00015 0.00155 -0.00173
21.28 0.00052 0.00008 0.00186 -0.00159
21.32 0.00039 -0.00012 0.00147 -0.00186
21.36 0.00032 -0.00012 0.0017 -0.00159
21.4 0.00048 -0.00001 0.00178 -0.00155
21.44 0.00026 -0.00015 0.00155 -0.00173
21.48 0.00055 0.00008 0.00186 -0.00155
21.52 0.00039 -0.00009 0.00147 -0.00186
21.56 0.00036 -0.00012 0.00178 -0.00159
21.6 0.00048 -0.00001 0.00178 -0.0015
21.64 0.00026 -0.00015 0.00155 -0.00173
21.68 0.00055 0.00008 0.00186 -0.00155
21.72 0.00039 -0.00009 0.00147 -0.00181
21.76 0.00032 -0.00012 0.0017 -0.00159
21.8 0.00048 -0.00003 0.00186 -0.00146
21.84 0.00023 -0.00015 0.00155 -0.00177
21.88 0.00052 0.00008 0.00194 -0.00155
21.92 0.00042 -0.00009 0.00147 -0.00186
21.96 0.00036 -0.00012 0.0017 -0.00159
22 0.00048 -0.00003 0.00186 -0.0015
22.04 0.00026 -0.00015 0.00147 -0.00168
22.08 0.00055 0.00008 0.00186 -0.00155
22.12 0.00042 -0.00009 0.00147 -0.00186
22.16 0.00036 -0.00012 0.0017 -0.00159
22.2 0.00048 -0.00001 0.00186 -0.00155
22.24 0.00029 -0.00015 0.00155 -0.00173
22.28 0.00055 0.00008 0.00186 -0.0015
22.32 0.00039 -0.00009 0.00147 -0.00191
22.36 0.00036 -0.00012 0.0017 -0.00159
22.4 0.00048 -0.00001 0.00186 -0.0015
22.44 0.00023 -0.00015 0.00155 -0.00177
22.48 0.00055 0.00008 0.00186 -0.0015
22.52 0.00042 -0.00009 0.00147 -0.00186
22.56 0.00036 -0.00012 0.00162 -0.00159
22.6 0.00052 -0.00001 0.00186 -0.00159
22.64 0.00026 -0.00015 0.00155 -0.00168
22.68 0.00055 0.00008 0.00194 -0.0015
22.72 0.00042 -0.00009 0.00147 -0.00191
22.76 0.00032 -0.00012 0.0017 -0.00159
22.8 0.00048 -0.00001 0.00178 -0.0015
22.84 0.00023 -0.00015 0.00155 -0.00168
22.88 0.00055 0.00008 0.00194 -0.0015
22.92 0.00042 -0.00009 0.00155 -0.00186
22.96 0.00036 -0.00012 0.0017 -0.00164
23 0.00052 -0.00001 0.00186 -0.00155
23.04 0.00026 -0.00015 0.00155 -0.00168
23.08 0.00055 0.00008 0.00186 -0.00146
23.12 0.00042 -0.00009 0.00147 -0.00181
23.16 0.00032 -0.00012 0.0017 -0.00164
23.2 0.00048 -0.00001 0.00178 -0.00159
23.24 0.00026 -0.00018 0.00162 -0.00173
23.28 0.00052 0.00008 0.00194 -0.00141
23.32 0.00042 -0.00006 0.00155 -0.00173
23.36 0.00036 -0.00012 0.00162 -0.00164
23.4 0.00048 -0.00001 0.00186 -0.00164
23.44 0.00026 -0.00018 0.00155 -0.00173
23.48 0.00055 0.00008 0.00186 -0.00141
23.52 0.00042 -0.00009 0.00147 -0.00181
23.56 0.00032 -0.00012 0.00162 -0.00159
23.6 0.00048 -0.00001 0.00186 -0.00164
23.64 0.00023 -0.00015 0.00155 -0.00177
23.68 0.00052 0.00005 0.00194 -0.00146
23.72 0.00042 -0.00006 0.00155 -0.00181
23.76 0.00036 -0.00012 0.0017 -0.00164
23.8 0.00048 -0.00003 0.00186 -0.00155
23.84 0.00026 -0.00018 0.00155 -0.00181
23.88 0.00052 0.00005 0.00194 -0.00146
23.92 0.00042 -0.00009 0.00155 -0.00181
23.96 0.00036 -0.00012 0.00162 -0.00164
24 0.00048 -0.00001 0.00186 -0.00159
24.04 0.00023 -0.00021 0.00155 -0.00181
24.08 0.00052 0.00008 0.00194 -0.00146
24.12 0.00042 -0.00009 0.00155 -0.00177
24.16 0.00032 -0.00012 0.00162 -0.00164
24.2 0.00048 -0.00001 0.00178 -0.00155
24.24 0.00026 -0.00018 0.00155 -0.00173
24.28 0.00052 0.00005 0.00194 -0.00146
24.32 0.00042 -0.00009 0.00155 -0.00181
24.36 0.00036 -0.00012 0.00162 -0.00164
24.4 0.00048 -0.00001 0.00186 -0.0015
24.44 0.00023 -0.00018 0.00155 -0.00173
24.48 0.00052 0.00008 0.00194 -0.00141
24.52 0.00042 -0.00006 0.00155 -0.00186
24.56 0.00036 -0.00012 0.00162 -0.00164
24.6 0.00048 -0.00001 0.00186 -0.00146
24.64 0.00026 -0.00021 0.00155 -0.00168
24.68 0.00052 0.00005 0.00194 -0.00141
24.72 0.00042 -0.00009 0.00155 -0.00177
24.76 0.00036 -0.00012 0.00162 -0.00164
24.8 0.00048 -0.00001 0.00186 -0.00159
24.84 0.00026 -0.00021 0.00155 -0.00177
24.88 0.00052 0.00005 0.00194 -0.00137
24.92 0.00042 -0.00009 0.00155 -0.00181
24.96 0.00032 -0.00012 0.00162 -0.00159
25 0.00052 -0.00001 0.00178 -0.00159
25.04 0.00026 -0.00021 0.00162 -0.00173
25.08 0.00052 0.00005 0.00194 -0.00146
25.12 0.00042 -0.00009 0.00155 -0.00181
25.16 0.00032 -0.00012 0.00162 -0.00159
25.2 0.00045 -0.00001 0.00178 -0.00159
25.24 0.00026 -0.00021 0.00162 -0.00173
25.28 0.00052 0.00005 0.00194 -0.00146
25.32 0.00042 -0.00006 0.00155 -0.00177
25.36 0.00032 -0.00012 0.00162 -0.00159
25.4 0.00048 -0.00001 0.00178 -0.00159
25.44 0.00029 -0.00021 0.00155 -0.00168
25.48 0.00055 0.00005 0.00194 -0.00146
25.52 0.00042 -0.00006 0.00155 -0.00181
25.56 0.00036 -0.00012 0.00162 -0.00164
25.6 0.00048 -0.00001 0.00178 -0.00155
25.64 0.00029 -0.00021 0.00155 -0.00168
25.68 0.00052 0.00005 0.00194 -0.00137
25.72 0.00039 -0.00009 0.00155 -0.00177
25.76 0.00032 -0.00012 0.00162 -0.00164
25.8 0.00052 -0.00001 0.00186 -0.00155
25.84 0.00029 -0.00018 0.00155 -0.00181
25.88 0.00052 0.00008 0.00194 -0.00141
25.92 0.00042 -0.00003 0.00155 -0.00177
25.96 0.00036 -0.00012 0.00162 -0.00159
26 0.00048 -0.00001 0.00178 -0.0015
26.04 0.00026 -0.00021 0.00155 -0.00173
26.08 0.00052 0.00005 0.00194 -0.00146
26.12 0.00048 -0.00006 0.00155 -0.00181
26.16 0.00036 -0.00012 0.00162 -0.00159
26.2 0.00048 -0.00001 0.00186 -0.00155
26.24 0.00029 -0.00018 0.00162 -0.00177
26.28 0.00052 0.00008 0.00201 -0.00141
26.32 0.00042 -0.00003 0.00155 -0.00181
26.36 0.00036 -0.00012 0.00162 -0.00159
26.4 0.00052 0.00002 0.00178 -0.00155
26.44 0.00029 -0.00021 0.00162 -0.00168
26.48 0.00052 0.00005 0.00194 -0.0015
26.52 0.00042 -0.00006 0.00155 -0.00181
26.56 0.00036 -0.00012 0.0017 -0.00159
26.6 0.00048 -0.00001 0.00186 -0.00155
26.64 0.00029 -0.00021 0.00155 -0.00168
26.68 0.00052 0.00005 0.00201 -0.0015
26.72 0.00042 -0.00006 0.00155 -0.00181
26.76 0.00036 -0.00012 0.00162 -0.00159
26.8 0.00048 -0.00001 0.00178 -0.00159
26.84 0.00036 -0.00021 0.00155 -0.00173
26.88 0.00052 0.00005 0.00201 -0.0015
26.92 0.00042 -0.00006 0.00155 -0.00181
26.96 0.00032 -0.00012 0.00162 -0.00159
27 0.00048 0.00002 0.00186 -0.00155
27.04 0.00032 -0.00018 0.00155 -0.00173
27.08 0.00055 0.00005 0.00201 -0.00146
27.12 0.00048 -0.00006 0.00162 -0.00181
27.16 0.00039 -0.00012 0.00162 -0.00159
27.2 0.00052 -0.00001 0.00186 -0.0015
27.24 0.00032 -0.00018 0.00155 -0.00168
27.28 0.00058 0.00008 0.00201 -0.00141
27.32 0.00048 -0.00006 0.00162 -0.00186
27.36 0.00042 -0.00012 0.00162 -0.00159
27.4 0.00058 0.00002 0.00186 -0.0015
27.44 0.00039 -0.00018 0.00162 -0.00173
27.48 0.00062 0.00008 0.00201 -0.00141
27.52 0.00055 -0.00006 0.00162 -0.00181
27.56 0.00045 -0.00009 0.00162 -0.00168
27.6 0.00065 0.00002 0.00186 -0.00155
27.64 0.00048 -0.00018 0.00155 -0.00168
27.68 0.00071 0.00008 0.00201 -0.00141
27.72 0.00065 -0.00001 0.00155 -0.00177
27.76 0.00058 -0.00009 0.00162 -0.00168
27.8 0.00078 0.00005 0.00186 -0.00155
27.84 0.00065 -0.00015 0.00162 -0.00173
27.88 0.00094 0.00011 0.00201 -0.00137
27.92 0.00087 -0.00001 0.00162 -0.00177
27.96 0.00087 -0.00006 0.00162 -0.00159
28 0.00107 0.00008 0.00186 -0.00155
28.04 0.00091 -0.00012 0.00155 -0.00173
28.08 0.00119 0.00017 0.00201 -0.00137
28.12 0.00123 0.00005 0.00162 -0.00181
28.16 0.00123 -0.00001 0.00162 -0.00164
28.2 0.00149 0.00017 0.00186 -0.00155
28.24 0.00133 -0.00003 0.00162 -0.00173
28.28 0.00181 0.00028 0.00201 -0.00137
28.32 0.00181 0.0002 0.00162 -0.00173
28.36 0.00184 0.00017 0.0017 -0.00164
28.4 0.00216 0.00034 0.00178 -0.00159
28.44 0.00213 0.00017 0.00155 -0.00173
28.48 0.00255 0.00048 0.00209 -0.00137
28.52 0.00275 0.00046 0.00162 -0.00173
28.56 0.00294 0.00046 0.00162 -0.00164
28.6 0.00346 0.00066 0.00186 -0.00155
28.64 0.00369 0.00054 0.00155 -0.00177
28.68 0.00434 0.00092 0.00201 -0.00146
28.72 0.00473 0.00092 0.00162 -0.00181
28.76 0.00512 0.00092 0.00162 -0.00159
28.8 0.00577 0.00118 0.00186 -0.00155
28.84 0.00629 0.00106 0.0017 -0.00177
28.88 0.00727 0.00144 0.00209 -0.00141
28.92 0.00802 0.00144 0.00162 -0.00181
28.96 0.00888 0.00147 0.00162 -0.00155
29 0.01009 0.00176 0.00186 -0.00155
29.04 0.01101 0.00164 0.00162 -0.00168
29.08 0.01239 0.00205 0.00209 -0.00146
29.12 0.01368 0.00213 0.00162 -0.00173
29.16 0.01501 0.00231 0.00162 -0.00159
29.2 0.01654 0.00274 0.00186 -0.00159
29.24 0.01777 0.00295 0.00162 -0.00173
29.28 0.01944 0.00379 0.00217 -0.0015
29.32 0.02084 0.00446 0.0017 -0.00181
29.36 0.02218 0.00518 0.0017 -0.00159
29.4 0.02377 0.00621 0.00186 -0.00159
29.44 0.02491 0.00699 0.00162 -0.00173
29.48 0.0264 0.00837 0.00217 -0.0015
29.52 0.02745 0.00945 0.0017 -0.00177
29.56 0.02833 0.01074 0.0017 -0.00164
29.6 0.02932 0.01227 0.00194 -0.0015
29.64 0.02976 0.01363 0.0017 -0.00173
29.68 0.03041 0.01552 0.00217 -0.00146
29.72 0.03061 0.01707 0.0017 -0.00181
29.76 0.03058 0.01882 0.00178 -0.00164
29.8 0.03068 0.02091 0.00201 -0.0015
29.84 0.03031 0.02262 0.00178 -0.00173
29.88 0.03038 0.0249 0.00233 -0.00137
29.92 0.0298 0.02682 0.00178 -0.00181
29.96 0.02878 0.02879 0.00186 -0.00159
30 0.02769 0.03088 0.00217 -0.0015
30.04 0.02623 0.03249 0.00186 -0.00168
30.08 0.02515 0.03444 0.00248 -0.00141
30.12 0.0238 0.03581 0.00194 -0.00181
30.16 0.02242 0.03698 0.00201 -0.00164
30.2 0.02128 0.03818 0.00233 -0.0015
30.24 0.0198 0.03879 0.00217 -0.00168
30.28 0.01877 0.03965 0.00279 -0.00141
30.32 0.0175 0.03999 0.0024 -0.00173
30.36 0.01627 0.04017 0.00248 -0.00164
30.4 0.01534 0.04048 0.00287 -0.00155
30.44 0.01418 0.04033 0.00272 -0.00168
30.48 0.01342 0.04061 0.0035 -0.00146
30.52 0.01253 0.04042 0.00319 -0.00186
30.56 0.0116 0.04017 0.00342 -0.00173
30.6 0.01108 0.03993 0.00389 -0.0015
30.64 0.01025 0.03891 0.00389 -0.00173
30.68 0.00992 0.03796 0.00475 -0.0015
30.72 0.00937 0.03673 0.00459 -0.00177
30.76 0.00878 0.03542 0.00491 -0.00168
30.8 0.00852 0.03423 0.00561 -0.0015
30.84 0.00799 0.03267 0.00585 -0.00164
30.88 0.00786 0.03161 0.00695 -0.00141
30.92 0.00763 0.03012 0.00719 -0.00173
30.96 0.00734 0.02861 0.0079 -0.00168
31 0.00734 0.02728 0.00885 -0.00146
31.04 0.00701 0.02559 0.00924 -0.00164
31.08 0.00711 0.02444 0.01067 -0.00141
31.12 0.00701 0.02298 0.01115 -0.00173
31.16 0.00688 0.02148 0.01242 -0.00159
31.2 0.00701 0.02022 0.0137 -0.00146
31.24 0.00682 0.01873 0.01466 -0.00164
31.28 0.00707 0.01775 0.017 -0.00137
31.32 0.00707 0.01635 0.01805 -0.00168
31.36 0.00701 0.01481 0.01991 -0.00155
31.4 0.00724 0.01348 0.02202 -0.0015
31.44 0.00711 0.01192 0.02349 -0.00159
31.48 0.00734 0.01086 0.02587 -0.00137
31.52 0.00734 0.00957 0.02727 -0.00168
31.56 0.0073 0.00816 0.02892 -0.00155
31.6 0.00753 0.00679 0.03107 -0.00141
31.64 0.00734 0.00524 0.0329 -0.00164
31.68 0.00757 0.00399 0.03466 -0.00141
31.72 0.0076 0.00211 0.03499 -0.00164
31.76 0.00747 0.00037 0.03583 -0.00159
31.8 0.0076 -0.0013 0.03667 -0.00146
31.84 0.00734 -0.00346 0.03684 -0.00173
31.88 0.0075 -0.00558 0.03768 -0.00141
31.92 0.0074 -0.008 0.03718 -0.00168
31.96 0.00717 -0.01104 0.03718 -0.00159
32 0.00721 -0.01508 0.03734 -0.00141
32.04 0.00685 -0.02136 0.03701 -0.00164
32.08 0.00685 -0.02824 0.03751 -0.00146
32.12 0.00659 -0.03416 0.03676 -0.00168
32.16 0.00619 -0.03627 0.03634 -0.00164
32.2 0.006 -0.03546 0.03625 -0.00155
32.24 0.00538 -0.03611 0.03533 -0.00168
32.28 0.00509 -0.03513 0.03516 -0.00146
32.32 0.0045 -0.03234 0.03374 -0.00177
32.36 0.00369 -0.02958 0.03265 -0.00164
32.4 0.00304 -0.02786 0.03215 -0.0015
32.44 0.00194 -0.02755 0.03041 -0.00164
32.48 0.00113 -0.02717 0.02925 -0.00146
32.52 0 -0.02752 0.02702 -0.00173
32.56 -0.00138 -0.02805 0.02505 -0.00159
32.6 -0.0026 -0.02752 0.02325 -0.0015
32.64 -0.00433 -0.02656 0.02048 -0.00168
32.68 -0.00573 -0.02469 0.01861 -0.0015
32.72 -0.00739 -0.0227 0.01563 -0.00177
32.76 -0.0092 -0.02039 0.0129 -0.00164
32.8 -0.01074 -0.01805 0.01067 -0.0015
32.84 -0.0126 -0.01654 0.00782 -0.00164
32.88 -0.01398 -0.01552 0.00601 -0.00141
32.92 -0.01545 -0.01533 0.00303 -0.00168
32.96 -0.01685 -0.01508 0.00054 -0.00155
33 -0.01782 -0.01412 -0.00163 -0.00141
33.04 -0.01897 -0.01288 -0.00402 -0.00159
33.08 -0.01949 -0.01098 -0.00517 -0.00128
33.12 -0.01996 -0.00957 -0.00708 -0.00155
33.16 -0.02036 -0.00871 -0.00868 -0.00141
33.2 -0.0203 -0.00826 -0.01012 -0.00128
33.24 -0.02042 -0.00817 -0.01194 -0.00137
33.28 -0.01993 -0.00741 -0.01246 -0.00115
33.32 -0.01946 -0.00652 -0.01366 -0.00123
33.36 -0.019 -0.00578 -0.01426 -0.00119
33.4 -0.01816 -0.00543 -0.01441 -0.00092
33.44 -0.01763 -0.00564 -0.01539 -0.00105
33.48 -0.01661 -0.00561 -0.01561 -0.00074
33.52 -0.01576 -0.00552 -0.0165 -0.00092
33.56 -0.01508 -0.00535 -0.01688 -0.00074
33.6 -0.01417 -0.00504 -0.01673 -0.00047
33.64 -0.01382 -0.00515 -0.0171 -0.00056
33.68 -0.01307 -0.00495 -0.0168 -0.00016
33.72 -0.01273 -0.00501 -0.0174 -0.0002
33.76 -0.01263 -0.00512 -0.01769 0.00007
33.8 -0.01244 -0.00509 -0.0174 0.0003
33.84 -0.01273 -0.00538 -0.01784 0.00039
33.88 -0.01257 -0.00549 -0.01718 0.00075
33.92 -0.01263 -0.00564 -0.01725 0.00084
33.96 -0.01276 -0.00575 -0.0171 0.00121
34 -0.01257 -0.00589 -0.0165 0.00166
34.04 -0.01266 -0.00661 -0.01673 0.00185
34.08 -0.01219 -0.00686 -0.01591 0.00263
34.12 -0.01181 -0.00709 -0.01583 0.0029
34.16 -0.0115 -0.00749 -0.01539 0.00369
34.2 -0.01109 -0.00792 -0.01441 0.00453
34.24 -0.01109 -0.00874 -0.01426 0.00519
34.28 -0.01074 -0.00914 -0.01329 0.00637
34.32 -0.01077 -0.00968 -0.01351 0.00685
34.36 -0.01102 -0.01025 -0.01351 0.00799
34.4 -0.01118 -0.01064 -0.01284 0.00925
34.44 -0.01181 -0.01155 -0.01254 0.01022
34.48 -0.01197 -0.01206 -0.01156 0.01189
34.52 -0.01225 -0.01262 -0.01201 0.01322
34.56 -0.01247 -0.01319 -0.01194 0.01467
34.6 -0.01229 -0.01347 -0.01133 0.01659
34.64 -0.01225 -0.01401 -0.01156 0.01787
34.68 -0.01166 -0.01412 -0.0108 0.02004
34.72 -0.01128 -0.01434 -0.01073 0.0216
34.76 -0.01118 -0.01465 -0.01073 0.0234
34.8 -0.01106 -0.01485 -0.0102 0.02548
34.84 -0.0115 -0.01552 -0.01042 0.02682
34.88 -0.01169 -0.01597 -0.00959 0.02894
34.92 -0.0121 -0.01656 -0.00982 0.03026
34.96 -0.01251 -0.01718 -0.00967 0.03175
35 -0.01251 -0.01746 -0.00921 0.03325
35.04 -0.01257 -0.01807 -0.00944 0.03415
35.08 -0.012 -0.01833 -0.00861 0.03556
35.12 -0.01147 -0.01877 -0.00883 0.03613
35.16 -0.01115 -0.01922 -0.00883 0.03687
35.2 -0.01077 -0.01942 -0.00846 0.03738
35.24 -0.01106 -0.01978 -0.00876 0.03721
35.28 -0.01118 -0.01972 -0.00792 0.03744
35.32 -0.01159 -0.01969 -0.00792 0.03613
35.36 -0.0121 -0.01958 -0.00792 0.03398
35.4 -0.0121 -0.01911 -0.00754 0.03131
35.44 -0.01203 -0.01891 -0.00769 0.02752
35.48 -0.01125 -0.01838 -0.00693 0.02398
35.52 -0.01043 -0.01813 -0.00708 0.01967
35.56 -0.00973 -0.01799 -0.00701 0.01588
35.6 -0.009 -0.01757 -0.00663 0.01298
35.64 -0.009 -0.01743 -0.00693 0.01046
35.68 -0.00888 -0.01693 -0.00617 0.00944
35.72 -0.0091 -0.01654 -0.0064 0.00857
35.76 -0.00945 -0.01625 -0.0064 0.00795
35.8 -0.00938 -0.01575 -0.00594 0.00713
35.84 -0.00942 -0.01555 -0.00617 0.00524
35.88 -0.00878 -0.01488 -0.00525 0.00314
35.92 -0.00815 -0.01432 -0.00532 0.00061
35.96 -0.00777 -0.01375 -0.00525 -0.00128
36 -0.00735 -0.01291 -0.00471 -0.00159
36.04 -0.00751 -0.01229 -0.00502 -0.00173
36.08 -0.00739 -0.01121 -0.00418 -0.00181
36.12 -0.00742 -0.01031 -0.00441 -0.00279
36.16 -0.00745 -0.00948 -0.00448 -0.00341
36.2 -0.00707 -0.00849 -0.0041 -0.00398
36.24 -0.00682 -0.00795 -0.00441 -0.00437
36.28 -0.00615 -0.00718 -0.00364 -0.00489
36.32 -0.00567 -0.00661 -0.00372 -0.007
36.36 -0.00564 -0.00609 -0.00379 -0.00911
36.4 -0.00557 -0.00535 -0.00348 -0.01376
36.44 -0.00599 -0.00481 -0.00387 -0.01893
36.48 -0.00602 -0.00401 -0.00318 -0.02164
36.52 -0.00602 -0.00337 -0.00341 -0.02269
36.56 -0.00602 -0.00286 -0.00341 -0.02355
36.6 -0.00567 -0.00211 -0.00302 -0.02302
36.64 -0.00564 -0.00168 -0.00356 -0.02244
36.68 -0.00522 -0.00081 -0.00279 -0.02226
36.72 -0.0051 -0.00015 -0.00302 -0.02287
36.76 -0.00519 0.00037 -0.0031 -0.02312
36.8 -0.005 0.00109 -0.00279 -0.02287
36.84 -0.00507 0.00141 -0.00325 -0.0224
36.88 -0.00468 0.00211 -0.00256 -0.02113
36.92 -0.00446 0.00254 -0.00294 -0.02028
36.96 -0.00452 0.00277 -0.00302 -0.01934
37 -0.00443 0.00315 -0.00279 -0.01859
37.04 -0.00481 0.00309 -0.00333 -0.01866
37.08 -0.00475 0.00335 -0.00264 -0.0184
37.12 -0.00465 0.00329 -0.00294 -0.01825
37.16 -0.00462 0.00312 -0.0031 -0.0174
37.2 -0.0042 0.00306 -0.00287 -0.0159
37.24 -0.0042 0.00269 -0.00333 -0.01491
37.28 -0.00395 0.00277 -0.00264 -0.014
37.32 -0.00388 0.00269 -0.00287 -0.01424
37.36 -0.00401 0.00254 -0.00287 -0.01396
37.4 -0.00366 0.0026 -0.00248 -0.01284
37.44 -0.00356 0.00231 -0.00279 -0.01171
37.48 -0.00305 0.00245 -0.00194 -0.01039
37.52 -0.0027 0.0024 -0.00202 -0.01027
37.56 -0.0027 0.00216 -0.00179 -0.00994
37.6 -0.00247 0.00216 -0.00117 -0.00911
37.64 -0.0026 0.00179 -0.0014 -0.00852
37.68 -0.00231 0.00179 -0.0004 -0.00734
37.72 -0.00212 0.00147 -0.00032 -0.00742
37.76 -0.00219 0.00095 -0.00016 -0.00742
37.8 -0.00202 0.00057 0.00038 -0.00751
37.84 -0.00231 -0.00024 0.00015 -0.00747
37.88 -0.00209 -0.00061 0.00108 -0.0067
37.92 -0.00196 -0.00122 0.00108 -0.00657
37.96 -0.00196 -0.00191 0.00116 -0.00657
38 -0.00173 -0.00234 0.00162 -0.00632
38.04 -0.00202 -0.00314 0.00139 -0.00632
38.08 -0.0019 -0.00349 0.00225 -0.00567
38.12 -0.00186 -0.00395 0.00217 -0.00597
38.16 -0.00202 -0.00449 0.00233 -0.00632
38.2 -0.00186 -0.00472 0.00287 -0.00632
38.24 -0.00222 -0.00532 0.00264 -0.0064
38.28 -0.00222 -0.00549 0.00365 -0.00584
38.32 -0.00238 -0.00578 0.00365 -0.00606
38.36 -0.00263 -0.00615 0.00381 -0.00606
38.4 -0.00247 -0.00626 0.00451 -0.00623
38.44 -0.00276 -0.00666 0.0042 -0.00649
38.48 -0.0026 -0.00661 0.00514 -0.00623
38.52 -0.00263 -0.00675 0.00506 -0.00649
38.56 -0.00295 -0.00706 0.00514 -0.00657
38.6 -0.00292 -0.00721 0.00546 -0.00657
38.64 -0.00337 -0.00775 0.00483 -0.00674
38.68 -0.00327 -0.00795 0.00554 -0.00653
38.72 -0.00327 -0.00831 0.00514 -0.00683
38.76 -0.00347 -0.0088 0.00483 -0.00691
38.8 -0.00337 -0.00897 0.00514 -0.00661
38.84 -0.00379 -0.00942 0.00443 -0.00674
38.88 -0.00376 -0.0094 0.00506 -0.00657
38.92 -0.00382 -0.00942 0.00459 -0.00683
38.96 -0.00404 -0.00962 0.00443 -0.00674
39 -0.00385 -0.00948 0.00467 -0.00657
39.04 -0.00408 -0.00962 0.00404 -0.00661
39.08 -0.00379 -0.00931 0.00451 -0.00632
39.12 -0.00369 -0.00911 0.00397 -0.00644
39.16 -0.00382 -0.009 0.00342 -0.00644
39.2 -0.00363 -0.00863 0.00334 -0.00606
39.24 -0.00395 -0.00854 0.00248 -0.00601
39.28 -0.00382 -0.00809 0.00272 -0.00558
39.32 -0.00376 -0.00783 0.00201 -0.00563
39.36 -0.00391 -0.00772 0.00139 -0.0055
39.4 -0.00369 -0.00743 0.00116 -0.00515
39.44 -0.00401 -0.00749 -0.00001 -0.00498
39.48 -0.00385 -0.00712 0.00007 -0.00446
39.52 -0.00385 -0.00689 -0.00101 -0.00454
39.56 -0.00404 -0.00678 -0.00194 -0.0045
39.6 -0.00379 -0.00641 -0.0024 -0.00415
39.64 -0.00404 -0.00629 -0.00379 -0.00407
39.68 -0.00385 -0.00575 -0.00379 -0.00367
39.72 -0.00376 -0.00535 -0.00471 -0.00372
39.76 -0.00395 -0.00504 -0.0054 -0.00358
39.8 -0.00376 -0.00452 -0.00563 -0.00332
39.84 -0.00408 -0.00426 -0.00655 -0.00323
39.88 -0.00388 -0.00363 -0.0064 -0.00279
39.92 -0.00376 -0.00317 -0.00701 -0.00279
39.96 -0.00379 -0.00291 -0.00754 -0.00279
40 -0.00344 -0.00245 -0.00769 -0.00248
40.04 -0.00363 -0.00237 -0.00846 -0.00222
40.08 -0.00331 -0.00197 -0.00838 -0.00181
40.12 -0.00308 -0.00171 -0.00876 -0.00195
40.16 -0.00305 -0.00165 -0.00906 -0.00173
40.2 -0.00263 -0.00133 -0.00883 -0.0015
40.24 -0.00276 -0.00139 -0.00921 -0.00159
40.28 -0.00241 -0.00107 -0.00876 -0.00137
40.32 -0.00215 -0.00087 -0.00883 -0.00146
40.36 -0.00206 -0.00081 -0.00883 -0.00155
40.4 -0.00154 -0.00047 -0.00838 -0.00146
40.44 -0.00158 -0.0005 -0.00853 -0.00177
40.48 -0.00119 -0.00012 -0.00777 -0.0015
40.52 -0.00087 0.00017 -0.00769 -0.00195
40.56 -0.00077 0.00031 -0.00746 -0.00213
40.6 -0.00029 0.00075 -0.0067 -0.00208
40.64 -0.00038 0.00077 -0.00655 -0.00244
40.68 -0.00006 0.00118 -0.00563 -0.00217
40.72 0.00023 0.00147 -0.00517 -0.00266
40.76 0.00029 0.00158 -0.00464 -0.00279
40.8 0.00074 0.00193 -0.00356 -0.00262
40.84 0.00071 0.00187 -0.0031 -0.00297
40.88 0.00103 0.00219 -0.00187 -0.00266
40.92 0.00133 0.00237 -0.00109 -0.00301
40.96 0.00142 0.00242 -0.00047 -0.00314
41 0.00191 0.00274 0.00069 -0.0031
41.04 0.00178 0.00269 0.001 -0.00341
41.08 0.00216 0.00306 0.00209 -0.00319
41.12 0.00249 0.00335 0.0024 -0.00358
41.16 0.00262 0.0035 0.00264 -0.0038
41.2 0.00314 0.0039 0.00334 -0.00389
41.24 0.00314 0.00393 0.00319 -0.00433
41.28 0.00353 0.00431 0.00381 -0.00415
41.32 0.00382 0.00454 0.00381 -0.00454
41.36 0.00392 0.00457 0.00381 -0.00485
41.4 0.00437 0.00486 0.00412 -0.00489
41.44 0.00424 0.00469 0.00381 -0.00532
41.48 0.0046 0.00489 0.00412 -0.00511
41.52 0.00489 0.00495 0.00397 -0.0055
41.56 0.00496 0.00481 0.00373 -0.00572
41.6 0.00544 0.00495 0.00404 -0.00554
41.64 0.00532 0.00469 0.00373 -0.00593
41.68 0.00564 0.00481 0.00412 -0.00554
41.72 0.0059 0.00483 0.00389 -0.00576
41.76 0.00587 0.00475 0.00358 -0.00584
41.8 0.00626 0.00495 0.00365 -0.00567
41.84 0.00603 0.00478 0.00295 -0.00589
41.88 0.00616 0.00504 0.00303 -0.0055
41.92 0.00629 0.00524 0.0024 -0.00567
41.96 0.00606 0.0053 0.00178 -0.00567
42 0.00626 0.00571 0.0017 -0.00554
42.04 0.00587 0.00568 0.00084 -0.00572
42.08 0.00587 0.00606 0.00069 -0.00537
42.12 0.00587 0.00635 0.00007 -0.0055
42.16 0.00564 0.00644 -0.00071 -0.00554
42.2 0.00574 0.00682 -0.00101 -0.00537
42.24 0.00535 0.0067 -0.00194 -0.00558
42.28 0.00538 0.00696 -0.00202 -0.00511
42.32 0.00522 0.00705 -0.00256 -0.0052
42.36 0.00492 0.00693 -0.00302 -0.00524
42.4 0.00499 0.00711 -0.0031 -0.00485
42.44 0.00453 0.00679 -0.00394 -0.00493
42.48 0.0045 0.00682 -0.00379 -0.0045
42.52 0.0044 0.00676 -0.00402 -0.00454
42.56 0.00404 0.0065 -0.00441 -0.0045
42.6 0.00408 0.00653 -0.00418 -0.0042
42.64 0.00362 0.00606 -0.00464 -0.0045
42.68 0.00353 0.00597 -0.00441 -0.00393
42.72 0.00343 0.0058 -0.00441 -0.00393
42.76 0.00307 0.00536 -0.00456 -0.00398
42.8 0.00304 0.00527 -0.00418 -0.00372
42.84 0.00255 0.00469 -0.00464 -0.00393
42.88 0.00242 0.00446 -0.00418 -0.0035
42.92 0.00226 0.00414 -0.00418 -0.00372
42.96 0.00184 0.00356 -0.00433 -0.0038
43 0.00178 0.00332 -0.00387 -0.00358
43.04 0.00126 0.00254 -0.00425 -0.00385
43.08 0.001 0.00216 -0.00364 -0.00336
43.12 0.00074 0.00167 -0.00356 -0.00358
43.16 0.00023 0.00098 -0.00356 -0.0035
43.2 0.00007 0.00063 -0.00294 -0.00323
43.24 -0.00061 -0.00024 -0.0031 -0.00336
43.28 -0.00096 -0.00064 -0.00233 -0.00279
43.32 -0.00132 -0.00116 -0.00202 -0.00283
43.36 -0.00193 -0.00185 -0.00179 -0.0027
43.4 -0.00219 -0.00217 -0.00101 -0.00213
43.44 -0.00283 -0.00303 -0.00109 -0.00226
43.48 -0.00318 -0.00346 -0.00009 -0.00146
43.52 -0.00344 -0.00397 0.00038 -0.00123
43.56 -0.00408 -0.00466 0.00054 -0.0011
43.6 -0.00433 -0.00504 0.00131 -0.00061
43.64 -0.005 -0.00586 0.00123 -0.00038
43.68 -0.00538 -0.00629 0.00201 0.00039
43.72 -0.00573 -0.00681 0.00233 0.0007
43.76 -0.00631 -0.00749 0.0024 0.00112
43.8 -0.00653 -0.0078 0.00295 0.00176
43.84 -0.0071 -0.0086 0.00264 0.00198
43.88 -0.00745 -0.00897 0.00334 0.00286
43.92 -0.00771 -0.00937 0.00342 0.00328
43.96 -0.00821 -0.00994 0.0035 0.00374
44 -0.00837 -0.01008 0.00397 0.00453
44.04 -0.00891 -0.0107 0.00365 0.00477
44.08 -0.0091 -0.01093 0.00428 0.00585
44.12 -0.00923 -0.01113 0.00451 0.00618
44.16 -0.00957 -0.01152 0.00451 0.00675
44.2 -0.00954 -0.01152 0.00498 0.00742
44.24 -0.00989 -0.01198 0.00467 0.00775
44.28 -0.00992 -0.012 0.00546 0.00872
44.32 -0.00986 -0.01203 0.00577 0.00915
44.36 -0.01005 -0.01223 0.00585 0.00959
44.4 -0.00986 -0.01203 0.0064 0.01022
44.44 -0.01002 -0.01229 0.00608 0.01032
44.48 -0.00989 -0.01217 0.00687 0.01115
44.52 -0.0097 -0.01203 0.00719 0.01139
44.56 -0.00973 -0.01212 0.00727 0.01164
44.6 -0.00932 -0.01178 0.00782 0.01208
44.64 -0.00935 -0.01189 0.0075 0.01208
44.68 -0.00907 -0.01161 0.00829 0.01263
44.72 -0.00869 -0.01132 0.00853 0.01268
44.76 -0.00853 -0.01121 0.00853 0.01268
44.8 -0.00799 -0.01073 0.00893 0.01298
44.84 -0.0078 -0.01067 0.00861 0.01268
44.88 -0.00735 -0.01025 0.00932 0.01293
44.92 -0.00685 -0.00979 0.0094 0.01273
44.96 -0.00656 -0.00951 0.00924 0.01243
45 -0.00589 -0.00886 0.00956 0.01243
45.04 -0.00557 -0.00866 0.00917 0.01169
45.08 -0.00503 -0.00806 0.0098 0.01184
45.12 -0.0044 -0.00749 0.00988 0.01125
45.16 -0.00401 -0.00709 0.0098 0.01076
45.2 -0.00334 -0.00635 0.01012 0.01046
45.24 -0.00308 -0.00607 0.00972 0.00963
45.28 -0.0026 -0.00549 0.01035 0.00935
45.32 -0.00209 -0.00495 0.01051 0.00862
45.36 -0.00186 -0.00466 0.01035 0.0079
45.4 -0.00132 -0.00412 0.01067 0.00737
45.44 -0.00116 -0.00397 0.0102 0.00642
45.48 -0.00077 -0.00357 0.01083 0.00594
45.52 -0.00038 -0.00326 0.01099 0.005
45.56 -0.00029 -0.00317 0.01067 0.00411
45.6 0.00013 -0.00277 0.01083 0.00346
45.64 0.00007 -0.0028 0.01027 0.00244
45.68 0.0002 -0.00251 0.01067 0.00194
45.72 0.00036 -0.00225 0.01059 0.00098
45.76 0.00023 -0.00217 0.01012 0.00007
45.8 0.00039 -0.00176 0.01012 -0.0007
45.84 0.00016 -0.00176 0.0094 -0.00186
45.88 0.00003 -0.00145 0.00956 -0.00248
45.92 0 -0.00116 0.0094 -0.00336
45.96 -0.00032 -0.0011 0.00885 -0.00428
46 -0.00032 -0.00076 0.00869 -0.00498
46.04 -0.00074 -0.00078 0.0079 -0.00606
46.08 -0.00103 -0.00061 0.00806 -0.00661
46.12 -0.00125 -0.0005 0.00774 -0.00751
46.16 -0.00173 -0.00061 0.00703 -0.00831
46.2 -0.00186 -0.00052 0.00687 -0.00898
46.24 -0.00241 -0.00084 0.00616 -0.0099
46.28 -0.00276 -0.00093 0.00601 -0.01044
46.32 -0.00305 -0.00107 0.00546 -0.01122
46.36 -0.00356 -0.00145 0.00467 -0.01207
46.4 -0.00372 -0.00153 0.00436 -0.01256
46.44 -0.00433 -0.00199 0.00326 -0.01324
46.48 -0.00465 -0.00217 0.00303 -0.01356
46.52 -0.00484 -0.00234 0.00256 -0.01412
46.56 -0.00522 -0.00274 0.00178 -0.0146
46.6 -0.00516 -0.0028 0.00139 -0.01464
46.64 -0.00548 -0.0032 0.00038 -0.01499
46.68 -0.00551 -0.00334 0.00015 -0.01479
46.72 -0.00538 -0.0034 -0.00047 -0.01479
46.76 -0.00545 -0.00369 -0.00133 -0.01479
46.8 -0.00507 -0.0036 -0.00179 -0.01448
46.84 -0.00507 -0.00383 -0.00279 -0.01444
46.88 -0.00478 -0.00377 -0.00294 -0.01396
46.92 -0.00423 -0.00369 -0.00341 -0.0138
46.96 -0.00391 -0.00375 -0.00433 -0.0136
47 -0.00318 -0.00349 -0.00464 -0.01304
47.04 -0.00289 -0.00352 -0.00579 -0.01292
47.08 -0.00231 -0.00326 -0.00586 -0.01232
47.12 -0.00161 -0.00294 -0.00625 -0.01199
47.16 -0.00109 -0.00283 -0.00708 -0.01171
47.2 -0.00019 -0.0024 -0.00739 -0.01118
47.24 0.00016 -0.00228 -0.0083 -0.01093
47.28 0.00074 -0.00194 -0.0083 -0.01035
47.32 0.00139 -0.00153 -0.00846 -0.01006
47.36 0.00175 -0.00133 -0.00906 -0.00986
47.4 0.00249 -0.00076 -0.00899 -0.00936
47.44 0.00268 -0.00052 -0.00967 -0.00915
47.48 0.00314 0.00002 -0.00937 -0.00852
47.52 0.00369 0.00069 -0.00929 -0.00823
47.56 0.00401 0.00124 -0.00952 -0.00789
47.6 0.0047 0.00213 -0.00899 -0.00742
47.64 0.00486 0.0028 -0.00937 -0.0073
47.68 0.00528 0.00376 -0.00876 -0.0067
47.72 0.0058 0.00481 -0.00846 -0.00649
47.76 0.00603 0.00568 -0.00853 -0.00627
47.8 0.00662 0.00679 -0.00785 -0.00576
47.84 0.00671 0.00758 -0.00792 -0.00576
47.88 0.00694 0.00849 -0.00708 -0.00515
47.92 0.0073 0.00931 -0.00647 -0.00489
47.96 0.0074 0.0098 -0.00625 -0.00481
48 0.00789 0.01048 -0.0054 -0.00424
48.04 0.00783 0.01066 -0.00548 -0.0042
48.08 0.00796 0.01092 -0.00464 -0.00367
48.12 0.00819 0.01107 -0.00402 -0.0035
48.16 0.00815 0.01092 -0.00372 -0.00341
48.2 0.00852 0.01098 -0.00279 -0.00297
48.24 0.00835 0.01063 -0.00271 -0.00305
48.28 0.00842 0.01045 -0.00194 -0.00279
48.32 0.00861 0.0103 -0.0014 -0.00283
48.36 0.00855 0.00995 -0.00125 -0.00283
48.4 0.00888 0.00992 -0.00047 -0.00262
48.44 0.00871 0.00957 -0.00063 -0.00275
48.48 0.00878 0.00948 0.00007 -0.00248
48.52 0.00904 0.00939 0.00038 -0.00248
48.56 0.00901 0.0091 0.00038 -0.00266
48.6 0.00943 0.00907 0.00092 -0.00244
48.64 0.0094 0.00866 0.00061 -0.0027
48.68 0.00953 0.00842 0.00116 -0.00248
48.72 0.00979 0.00825 0.00139 -0.00253
48.76 0.00973 0.00778 0.00131 -0.00262
48.8 0.00999 0.00767 0.00178 -0.00239
48.84 0.00976 0.00728 0.00131 -0.00257
48.88 0.00966 0.00714 0.00178 -0.00239
48.92 0.00966 0.00717 0.00194 -0.0023
48.96 0.00933 0.00702 0.00162 -0.00244
49 0.00933 0.00732 0.00217 -0.00213
49.04 0.00881 0.00734 0.00162 -0.0023
49.08 0.00848 0.00767 0.00201 -0.00204
49.12 0.00828 0.0081 0.00209 -0.00204
49.16 0.00792 0.00837 0.00178 -0.00217
49.2 0.00792 0.00895 0.00217 -0.00195
49.24 0.0075 0.00916 0.00147 -0.0023
49.28 0.00734 0.00954 0.00178 -0.00213
49.32 0.00734 0.00992 0.00178 -0.0023
49.36 0.00717 0.00998 0.00147 -0.00257
49.4 0.00747 0.01027 0.0017 -0.00262
49.44 0.00734 0.01013 0.00077 -0.0031
49.48 0.00747 0.01016 0.001 -0.00319
49.52 0.00779 0.01019 0.00084 -0.00354
49.56 0.00792 0.00998 0.0003 -0.00407
49.6 0.00845 0.01004 0.00054 -0.00437
49.64 0.00855 0.0098 -0.00032 -0.00485
49.68 0.00881 0.0098 -0.00024 -0.00507
49.72 0.00924 0.00995 -0.0004 -0.0055
49.76 0.0094 0.00989 -0.00109 -0.00584
49.8 0.00989 0.01019 -0.00101 -0.00606
49.84 0.00986 0.01013 -0.00187 -0.00678
49.88 0.00996 0.01021 -0.00179 -0.00704
49.92 0.01019 0.01036 -0.00194 -0.0073
49.96 0.01012 0.01024 -0.0024 -0.00776
50 0.01032 0.01039 -0.00217 -0.00797
50.04 0.01006 0.01019 -0.00302 -0.00856
50.08 0.00986 0.01013 -0.00271 -0.00856
50.12 0.00979 0.01013 -0.00271 -0.00877
50.16 0.00937 0.00992 -0.0031 -0.00911
50.2 0.0092 0.01001 -0.00279 -0.00919
50.24 0.00845 0.00966 -0.00348 -0.00961
50.28 0.00789 0.00951 -0.0031 -0.00957
50.32 0.0075 0.00933 -0.00302 -0.00977
50.36 0.00688 0.00892 -0.00325 -0.01006
50.4 0.00668 0.00875 -0.00279 -0.0101
50.44 0.00603 0.00822 -0.00341 -0.01052
50.48 0.00567 0.00784 -0.00294 -0.01039
50.52 0.00554 0.00746 -0.00271 -0.0106
50.56 0.00525 0.00685 -0.00287 -0.01081
50.6 0.00532 0.00658 -0.00217 -0.01077
50.64 0.00496 0.00591 -0.00264 -0.01113
50.68 0.00486 0.00542 -0.0021 -0.01097
50.72 0.00489 0.00495 -0.00163 -0.01109
50.76 0.00473 0.00428 -0.00163 -0.01118
50.8 0.00489 0.0039 -0.00086 -0.01101
50.84 0.0046 0.00318 -0.00125 -0.01113
50.88 0.00453 0.00265 -0.00047 -0.01085
50.92 0.00463 0.00222 -0.00009 -0.01068
50.96 0.00447 0.00147 -0.00001 -0.01068
51 0.00466 0.00098 0.00084 -0.01031
51.04 0.0044 0.00008 0.00061 -0.01035
51.08 0.00424 -0.0007 0.00139 -0.00986
51.12 0.00427 -0.00139 0.00194 -0.00961
51.16 0.00395 -0.00231 0.00209 -0.00944
51.2 0.00388 -0.00288 0.00303 -0.00894
51.24 0.00336 -0.00377 0.00279 -0.0089
51.28 0.00297 -0.00435 0.00365 -0.00839
51.32 0.00278 -0.00469 0.0042 -0.0081
51.36 0.00236 -0.00512 0.00436 -0.00793
51.4 0.00233 -0.00506 0.0053 -0.00751
51.44 0.00187 -0.00526 0.00506 -0.00742
51.48 0.00168 -0.00515 0.00585 -0.00696
51.52 0.00168 -0.00492 0.0064 -0.00661
51.56 0.00145 -0.00481 0.00632 -0.00644
51.6 0.00158 -0.00432 0.00703 -0.00589
51.64 0.00129 -0.00415 0.00656 -0.00584
51.68 0.00113 -0.00372 0.00711 -0.00537
51.72 0.00116 -0.00317 0.0075 -0.00502
51.76 0.00094 -0.00283 0.00742 -0.00481
51.8 0.00113 -0.00217 0.00814 -0.00433
51.84 0.00087 -0.00185 0.00774 -0.00424
51.88 0.00084 -0.00142 0.00829 -0.00372
51.92 0.00097 -0.00093 0.00869 -0.00341
51.96 0.00084 -0.00076 0.00861 -0.00328
52 0.00103 -0.00029 0.0094 -0.00292
52.04 0.00074 -0.00027 0.00893 -0.00297
52.08 0.00052 -0.00015 0.00964 -0.00248
52.12 0.00052 0.00005 0.01004 -0.00226
52.16 0.00029 -0.00001 0.00988 -0.00213
52.2 0.00042 0.00028 0.01059 -0.00177
52.24 0.00016 0.00017 0.01004 -0.00191
52.28 0.00007 0.00025 0.01043 -0.00141
52.32 0.00023 0.00046 0.01051 -0.00137
52.36 0.00013 0.00043 0.0102 -0.00119
52.4 0.00045 0.00077 0.01051 -0.00087
52.44 0.00032 0.00075 0.00964 -0.0011
52.48 0.00042 0.00095 0.00972 -0.00065
52.52 0.00071 0.0013 0.00956 -0.00056
52.56 0.00078 0.00141 0.00885 -0.00061
52.6 0.00116 0.00187 0.00909 -0.00034
52.64 0.0011 0.00199 0.00798 -0.00061
52.68 0.00116 0.00231 0.00782 -0.00025
52.72 0.00139 0.00277 0.00758 -0.0002
52.76 0.00129 0.00306 0.00687 -0.00034
52.8 0.00155 0.00367 0.00703 -0.00025
52.84 0.00139 0.00387 0.00593 -0.00061
52.88 0.00133 0.00419 0.00569 -0.00043
52.92 0.00145 0.00457 0.0053 -0.00052
52.96 0.00133 0.00463 0.00443 -0.00083
53 0.00152 0.00504 0.00443 -0.00079
53.04 0.00133 0.00495 0.00326 -0.00123
53.08 0.00126 0.00504 0.00319 -0.00115
53.12 0.00139 0.00515 0.00287 -0.00132
53.16 0.00129 0.00498 0.00225 -0.00164
53.2 0.00155 0.00513 0.00233 -0.00173
53.24 0.00133 0.00478 0.00131 -0.00226
53.28 0.00129 0.00463 0.00139 -0.00222
53.32 0.00139 0.00457 0.00139 -0.00239
53.36 0.00119 0.00425 0.00092 -0.00275
53.4 0.00139 0.00425 0.00131 -0.00275
53.44 0.00116 0.00379 0.00054 -0.00328
53.48 0.0011 0.00353 0.00084 -0.00314
53.52 0.00126 0.00344 0.001 -0.00341
53.56 0.00113 0.00306 0.00084 -0.00367
53.6 0.00142 0.00312 0.00139 -0.00376
53.64 0.00129 0.00271 0.00084 -0.00424
53.68 0.00129 0.0026 0.00131 -0.0042
53.72 0.00149 0.0026 0.00155 -0.00441
53.76 0.00133 0.00237 0.00139 -0.00472
53.8 0.00168 0.00248 0.00209 -0.00481
53.84 0.00155 0.00216 0.00147 -0.0052
53.88 0.00158 0.00205 0.00186 -0.00502
53.92 0.00184 0.00202 0.00209 -0.00515
53.96 0.00178 0.00176 0.00186 -0.00541
54 0.00213 0.00182 0.0024 -0.00532
54.04 0.002 0.00144 0.00178 -0.00563
54.08 0.002 0.00126 0.00201 -0.00554
54.12 0.00213 0.00118 0.00209 -0.00532
54.16 0.00194 0.00083 0.00178 -0.00546
54.2 0.0022 0.0008 0.00225 -0.00524
54.24 0.00197 0.00031 0.00155 -0.00541
54.28 0.00194 -0.00001 0.00178 -0.00502
54.32 0.00207 -0.00024 0.00186 -0.00481
54.36 0.00187 -0.0007 0.00155 -0.00472
54.4 0.00213 -0.00078 0.00201 -0.00428
54.44 0.00187 -0.0013 0.00123 -0.00433
54.48 0.00181 -0.00159 0.00162 -0.00372
54.52 0.00191 -0.00173 0.00178 -0.00336
54.56 0.00171 -0.00205 0.00139 -0.00323
54.6 0.00207 -0.00199 0.00178 -0.00283
54.64 0.00191 -0.00228 0.00108 -0.00275
54.68 0.00191 -0.00237 0.00123 -0.00208
54.72 0.0021 -0.00225 0.00116 -0.00168
54.76 0.00197 -0.00231 0.00061 -0.00155
54.8 0.00226 -0.00194 0.00084 -0.00101
54.84 0.00213 -0.00199 -0.00016 -0.00097
54.88 0.0021 -0.00176 -0.00032 -0.00038
54.92 0.00226 -0.00142 -0.00063 -0.00002
54.96 0.00207 -0.00127 -0.0014 0.00007
55 0.0023 -0.00078 -0.00125 0.00052
55.04 0.002 -0.00073 -0.00233 0.00048
55.08 0.00187 -0.00055 -0.0024 0.00107
55.12 0.00187 -0.00024 -0.00256 0.0013
55.16 0.00152 -0.00021 -0.0031 0.00148
55.2 0.00158 0.00014 -0.00279 0.00189
55.24 0.00113 0.00005 -0.00372 0.00194
55.28 0.00081 0.00011 -0.00356 0.0024
55.32 0.00062 0.00028 -0.00348 0.00277
55.36 0.00016 0.00023 -0.00387 0.00295
55.4 0.0001 0.00048 -0.00341 0.00341
55.44 -0.00032 0.00031 -0.00387 0.00346
55.48 -0.00064 0.00031 -0.00364 0.00407
55.52 -0.0008 0.00046 -0.00348 0.00444
55.56 -0.00125 0.00037 -0.00364 0.00463
55.6 -0.00119 0.00066 -0.00294 0.00505
55.64 -0.00158 0.00052 -0.00356 0.00519
55.68 -0.0018 0.00057 -0.00302 0.00571
55.72 -0.0018 0.00077 -0.00279 0.00604
55.76 -0.00209 0.00075 -0.00287 0.00614
55.8 -0.00183 0.00106 -0.0021 0.00651
55.84 -0.00202 0.00089 -0.00256 0.00632
55.88 -0.00202 0.00092 -0.00202 0.0067
55.92 -0.0019 0.00098 -0.00163 0.00685
55.96 -0.00206 0.0008 -0.00156 0.0067
56 -0.00177 0.00092 -0.00063 0.00675
56.04 -0.00199 0.00054 -0.00094 0.00642
56.08 -0.00206 0.00037 -0.00032 0.00661
56.12 -0.00199 0.00025 0.00023 0.00637
56.16 -0.00222 -0.00012 0.0003 0.00599
56.2 -0.00202 -0.00018 0.00123 0.00585
56.24 -0.00231 -0.0007 0.00084 0.00524
56.28 -0.00244 -0.00104 0.00147 0.00524
56.32 -0.00234 -0.00125 0.00194 0.00491
56.36 -0.0026 -0.00173 0.00201 0.0043
56.4 -0.00238 -0.00185 0.00287 0.00421
56.44 -0.00254 -0.0024 0.00248 0.00337
56.48 -0.0026 -0.00274 0.00303 0.00337
56.52 -0.00238 -0.00294 0.0035 0.003
56.56 -0.00251 -0.00334 0.0035 0.00254
56.6 -0.00215 -0.00337 0.00428 0.00235
56.64 -0.00219 -0.00377 0.00381 0.00176
56.68 -0.00212 -0.00397 0.00428 0.00176
56.72 -0.00186 -0.00406 0.00467 0.00148
56.76 -0.0019 -0.00435 0.00451 0.00116
56.8 -0.00148 -0.00432 0.00522 0.00102
56.84 -0.00151 -0.00469 0.00467 0.00052
56.88 -0.00141 -0.00489 0.00498 0.00052
56.92 -0.00116 -0.00495 0.00522 0.00043
56.96 -0.00125 -0.00524 0.00498 0.00007
57 -0.00093 -0.00521 0.00546 0.00002
57.04 -0.00112 -0.00555 0.00475 -0.00061
57.08 -0.00125 -0.00575 0.00491 -0.00038
57.12 -0.00119 -0.00578 0.00498 -0.00065
57.16 -0.00151 -0.00601 0.00436 -0.00101
57.2 -0.00132 -0.00592 0.00451 -0.00119
57.24 -0.00158 -0.00621 0.0035 -0.00177
57.28 -0.00177 -0.00629 0.00334 -0.00177
57.32 -0.00173 -0.00621 0.00295 -0.00204
57.36 -0.00202 -0.00626 0.00225 -0.00248
57.4 -0.00183 -0.00604 0.00217 -0.00266
57.44 -0.00206 -0.00612 0.00116 -0.00314
57.48 -0.00215 -0.00601 0.001 -0.00314
57.52 -0.00199 -0.00569 0.00069 -0.00328
57.56 -0.00222 -0.00558 0.00007 -0.00363
57.6 -0.00186 -0.00509 0.00015 -0.00363
57.64 -0.00196 -0.00501 -0.00071 -0.00398
57.68 -0.00193 -0.00475 -0.00078 -0.00376
57.72 -0.0017 -0.00432 -0.00094 -0.00367
57.76 -0.00183 -0.00409 -0.00148 -0.00372
57.8 -0.00148 -0.00354 -0.00133 -0.00345
57.84 -0.00151 -0.00343 -0.00202 -0.0035
57.88 -0.00144 -0.00317 -0.00194 -0.00314
57.92 -0.00122 -0.00274 -0.00187 -0.00288
57.96 -0.00135 -0.00257 -0.00233 -0.00266
58 -0.00093 -0.00208 -0.00194 -0.00217
58.04 -0.00096 -0.00197 -0.00256 -0.00213
58.08 -0.0009 -0.00173 -0.00248 -0.00155
58.12 -0.00064 -0.0013 -0.0024 -0.00119
58.16 -0.00074 -0.00116 -0.00287 -0.0011
58.2 -0.00029 -0.00064 -0.00248 -0.00065
58.24 -0.00032 -0.00055 -0.00325 -0.00083
58.28 -0.00026 -0.00032 -0.0031 -0.00029
58.32 0.00007 0.00005 -0.00302 -0.00011
58.36 0 0.00023 -0.00341 -0.00002
58.4 0.00052 0.00072 -0.0031 0.0002
58.44 0.00065 0.00083 -0.00356 -0.00007
58.48 0.00087 0.00109 -0.00333 0.00025
58.52 0.00129 0.00153 -0.0031 0.00039
58.56 0.00129 0.0017 -0.00325 0.0002
58.6 0.00181 0.00222 -0.00271 0.00043
58.64 0.00187 0.00228 -0.00302 0.00002
58.68 0.002 0.00248 -0.00264 0.0002
58.72 0.00236 0.0028 -0.00217 0.00016
58.76 0.0023 0.00286 -0.00217 -0.00016
58.8 0.00278 0.00329 -0.00156 -0.00016
58.84 0.00278 0.00329 -0.00171 -0.00056
58.88 0.00281 0.00344 -0.00117 -0.00065
58.92 0.00304 0.00376 -0.00063 -0.00083
58.96 0.00288 0.00379 -0.00055 -0.00123
59 0.00327 0.00417 0.00007 -0.00141
59.04 0.00317 0.00414 -0.00009 -0.00222
59.08 0.00317 0.00425 0.00046 -0.00222
59.12 0.00333 0.00449 0.00084 -0.00257
59.16 0.00314 0.00454 0.00084 -0.00314
59.2 0.00343 0.00486 0.00147 -0.00328
59.24 0.00333 0.00486 0.00116 -0.00389
59.28 0.00327 0.00498 0.00147 -0.00398
59.32 0.0034 0.00521 0.00178 -0.00433
59.36 0.00317 0.00521 0.00162 -0.00476
59.4 0.00346 0.00556 0.00209 -0.00485
59.44 0.00333 0.00545 0.00194 -0.00546
59.48 0.00327 0.0055 0.00217 -0.00541
59.52 0.0034 0.00565 0.00248 -0.00563
59.56 0.00311 0.00562 0.00233 -0.00597
59.6 0.0034 0.00586 0.00279 -0.00601
59.64 0.0032 0.00571 0.00256 -0.00653
59.68 0.00311 0.00565 0.00287 -0.00644
59.72 0.00323 0.00577 0.00319 -0.00657
59.76 0.00297 0.00562 0.00303 -0.00691
59.8 0.0033 0.00582 0.00358 -0.00683
59.84 0.00317 0.00562 0.00334 -0.00738
59.88 0.00307 0.00554 0.00365 -0.00725
59.92 0.00323 0.00559 0.00397 -0.00734
59.96 0.00294 0.00536 0.00381 -0.00768
60 0.0033 0.00556 0.00428 -0.00755
60.04 0.00323 0.00533 0.00389 -0.00797
60.08 0.0032 0.00524 0.00412 -0.00781
60.12 0.00336 0.00527 0.00428 -0.00789
60.16 0.00317 0.00504 0.00397 -0.00797
60.2 0.00349 0.00518 0.00428 -0.00768
60.24 0.00333 0.00492 0.00381 -0.00785
60.28 0.0032 0.00475 0.00389 -0.00742
60.32 0.00333 0.00475 0.00404 -0.00708
60.36 0.00301 0.00443 0.00358 -0.00696
60.4 0.00327 0.00454 0.00397 -0.00632
60.44 0.00307 0.00422 0.0035 -0.00619
60.48 0.00291 0.00399 0.00358 -0.0055
60.52 0.00297 0.00399 0.00373 -0.00476
60.56 0.00262 0.00364 0.00342 -0.00441
60.6 0.00285 0.0037 0.00381 -0.00363
60.64 0.00262 0.00335 0.0035 -0.00336
60.68 0.00252 0.00312 0.00365 -0.00262
60.72 0.00262 0.00306 0.00397 -0.00208
60.76 0.0023 0.00265 0.00373 -0.00177
60.8 0.00252 0.00271 0.0042 -0.00105
60.84 0.0023 0.00231 0.00389 -0.00097
60.88 0.00213 0.00205 0.00412 -0.00034
60.92 0.00213 0.0019 0.00436 -0.00002
60.96 0.00175 0.0015 0.00412 0.00002
61 0.00194 0.0015 0.00451 0.00048
61.04 0.00168 0.00109 0.00412 0.00025
61.08 0.00149 0.00077 0.00428 0.00057
61.12 0.00155 0.00066 0.00451 0.00061
61.16 0.0011 0.0002 0.0042 0.00048
61.2 0.00126 0.0002 0.00451 0.00057
61.24 0.00097 -0.00021 0.00404 0.00007
61.28 0.00074 -0.0005 0.0042 0.00016
61.32 0.00074 -0.00064 0.00428 0.00007
61.36 0.00032 -0.00107 0.00397 -0.0002
61.4 0.00052 -0.0011 0.00428 -0.00016
61.44 0.00029 -0.00151 0.00381 -0.00074
61.48 0.0001 -0.00179 0.00397 -0.0007
61.52 0.00013 -0.00191 0.0042 -0.00079
61.56 -0.00029 -0.00234 0.00389 -0.00115
61.6 -0.00013 -0.00228 0.00428 -0.00097
61.64 -0.00035 -0.00265 0.00397 -0.00155
61.68 -0.00058 -0.00286 0.00412 -0.00146
61.72 -0.00058 -0.00294 0.00436 -0.00159
61.76 -0.001 -0.00332 0.00412 -0.00195
61.8 -0.00087 -0.0032 0.00451 -0.00186
61.84 -0.00122 -0.00352 0.0042 -0.00235
61.88 -0.00148 -0.00372 0.00436 -0.0023
61.92 -0.00154 -0.00372 0.00459 -0.00244
61.96 -0.00202 -0.00403 0.00443 -0.00279
62 -0.0019 -0.00386 0.00483 -0.00266
62.04 -0.00219 -0.00412 0.00443 -0.00328
62.08 -0.00244 -0.00426 0.00467 -0.00314
62.12 -0.00244 -0.0042 0.00483 -0.00328
62.16 -0.00283 -0.00443 0.00459 -0.00367
62.2 -0.0026 -0.0042 0.00498 -0.0035
62.24 -0.00276 -0.00438 0.00451 -0.00407
62.28 -0.00286 -0.0044 0.00467 -0.00393
62.32 -0.0027 -0.00426 0.00475 -0.00402
62.36 -0.00292 -0.00438 0.00443 -0.00428
62.4 -0.00257 -0.00406 0.00467 -0.00407
62.44 -0.00263 -0.00412 0.00412 -0.00446
62.48 -0.00263 -0.00409 0.00412 -0.00411
62.52 -0.00238 -0.00383 0.00412 -0.0038
62.56 -0.00257 -0.00389 0.00365 -0.00376
62.6 -0.00219 -0.00352 0.00381 -0.0031
62.64 -0.00219 -0.00354 0.00319 -0.00314
62.68 -0.00219 -0.00349 0.00303 -0.00253
62.72 -0.00193 -0.00326 0.00311 -0.00191
62.76 -0.00206 -0.00337 0.00256 -0.00159
62.8 -0.00167 -0.00303 0.00272 -0.00079
62.84 -0.00167 -0.00306 0.00209 -0.00056
62.88 -0.00161 -0.00303 0.00201 0.00012
62.92 -0.00135 -0.00283 0.00201 0.0007
62.96 -0.00144 -0.00294 0.00155 0.00116
63 -0.00103 -0.0026 0.00186 0.00198
63.04 -0.001 -0.00265 0.00131 0.00203
63.08 -0.00096 -0.0026 0.00131 0.00277
63.12 -0.00061 -0.00237 0.00147 0.00318
63.16 -0.0008 -0.00243 0.00108 0.00346
63.2 -0.00045 -0.00202 0.00131 0.00425
63.24 -0.00048 -0.00202 0.00084 0.00421
63.28 -0.00058 -0.00191 0.00077 0.00472
63.32 -0.00045 -0.00162 0.00092 0.00505
63.36 -0.00074 -0.00168 0.00046 0.0051
63.4 -0.00055 -0.00125 0.00077 0.00552
63.44 -0.00074 -0.00122 0.00023 0.00519
63.48 -0.00096 -0.00113 0.00023 0.00547
63.52 -0.00096 -0.00084 0.00038 0.00557
63.56 -0.00132 -0.0009 -0.00001 0.00538
63.6 -0.00119 -0.0005 0.00023 0.00557
63.64 -0.00135 -0.00052 -0.00032 0.00505
63.68 -0.00148 -0.0005 -0.00024 0.00519
63.72 -0.00135 -0.00029 -0.00009 0.00514
63.76 -0.00154 -0.00041 -0.00047 0.00467
63.8 -0.00119 -0.00009 -0.00009 0.00477
63.84 -0.00119 -0.00012 -0.00047 0.00416
63.88 -0.00116 -0.00009 -0.0004 0.00416
63.92 -0.0009 0.00002 -0.00016 0.00388
63.96 -0.00093 -0.00021 -0.0004 0.00351
64 -0.00051 0.00005 0.00015 0.00355
64.04 -0.00045 -0.00012 -0.00024 0.00267
64.08 -0.00045 -0.00024 -0.00001 0.00263
64.12 -0.00013 -0.00021 0.0003 0.00235
64.16 -0.00035 -0.00052 0.00015 0.00185
64.2 -0.00006 -0.00041 0.00077 0.0018
64.24 -0.00013 -0.0007 0.00046 0.00102
64.28 -0.00022 -0.00099 0.00061 0.00084
64.32 -0.00013 -0.00107 0.00108 0.00057
64.36 -0.00042 -0.00153 0.00092 0.00002
64.4 -0.00026 -0.00148 0.00155 -0.00007
64.44 -0.00042 -0.00179 0.00123 -0.00079
64.48 -0.00058 -0.00202 0.00147 -0.00087
64.52 -0.00048 -0.00202 0.00178 -0.00101
64.56 -0.0008 -0.00234 0.00155 -0.00146
64.6 -0.00064 -0.00217 0.00209 -0.00141
64.64 -0.0008 -0.00234 0.00178 -0.00199
64.68 -0.00096 -0.0024 0.00194 -0.00195
64.72 -0.0009 -0.00225 0.00225 -0.00195
64.76 -0.00119 -0.0024 0.00209 -0.00217
64.8 -0.00103 -0.00205 0.00272 -0.00195
64.84 -0.00122 -0.00211 0.0024 -0.00239
64.88 -0.00144 -0.00208 0.00256 -0.00213
64.92 -0.00141 -0.00185 0.00295 -0.00204
64.96 -0.0018 -0.00199 0.00264 -0.00222
65 -0.0017 -0.00165 0.00326 -0.00186
65.04 -0.00196 -0.00173 0.00295 -0.00217
65.08 -0.00215 -0.00173 0.00319 -0.00195
65.12 -0.00212 -0.00156 0.0035 -0.00181
65.16 -0.00241 -0.00173 0.00334 -0.00186
65.2 -0.00222 -0.00148 0.00389 -0.00141
65.24 -0.00234 -0.00165 0.0035 -0.00168
65.28 -0.00241 -0.00171 0.00373 -0.00137
65.32 -0.00225 -0.00162 0.00404 -0.0011
65.36 -0.00238 -0.00185 0.00389 -0.00119
65.4 -0.00206 -0.00159 0.00443 -0.00065
65.44 -0.00209 -0.00171 0.00412 -0.00083
65.48 -0.00206 -0.00179 0.00428 -0.00056
65.52 -0.0018 -0.00168 0.00467 -0.0002
65.56 -0.0019 -0.00188 0.00436 -0.0002
65.6 -0.00154 -0.00159 0.00491 0.00025
65.64 -0.00151 -0.00171 0.00443 -0.00002
65.68 -0.00154 -0.00173 0.00443 0.0002
65.72 -0.00132 -0.00156 0.00459 0.00034
65.76 -0.00154 -0.00173 0.0042 0.00016
65.8 -0.00119 -0.00139 0.00443 0.00043
65.84 -0.00122 -0.00145 0.00381 -0.00011
65.88 -0.00129 -0.00142 0.00365 -0.00002
65.92 -0.00109 -0.00119 0.00365 -0.00016
65.96 -0.00125 -0.00127 0.00311 -0.00038
66 -0.00096 -0.00087 0.00334 -0.0002
66.04 -0.001 -0.00084 0.00256 -0.00083
66.08 -0.00103 -0.00076 0.00233 -0.00079
66.12 -0.00084 -0.00047 0.00225 -0.00083
66.16 -0.001 -0.00061 0.0017 -0.00115
66.2 -0.00077 -0.00018 0.00186 -0.00101
66.24 -0.00087 -0.00021 0.00123 -0.0015
66.28 -0.00096 -0.00018 0.00108 -0.00146
66.32 -0.00087 -0.00001 0.00108 -0.0015
66.36 -0.00109 -0.00015 0.00054 -0.00173
66.4 -0.00093 0.00008 0.00092 -0.00164
66.44 -0.00109 -0.00006 0.0003 -0.00199
66.48 -0.00125 -0.00018 0.00023 -0.00186
66.52 -0.00119 -0.00015 0.00046 -0.00181
66.56 -0.00144 -0.00047 0.00015 -0.00199
66.6 -0.00129 -0.00035 0.00069 -0.00173
66.64 -0.00138 -0.00064 0.00015 -0.00226
66.68 -0.00148 -0.00087 0.0003 -0.00195
66.72 -0.00132 -0.0009 0.00061 -0.00181
66.76 -0.00141 -0.00133 0.00038 -0.00199
66.8 -0.00116 -0.00122 0.001 -0.00168
66.84 -0.00112 -0.00145 0.00069 -0.00208
66.88 -0.00109 -0.00162 0.00084 -0.00199
66.92 -0.00084 -0.00162 0.00123 -0.00177
66.96 -0.00093 -0.00197 0.00123 -0.00191
67 -0.00067 -0.00182 0.00194 -0.00159
67.04 -0.00067 -0.00205 0.0017 -0.00204
67.08 -0.00074 -0.00225 0.00194 -0.00177
67.12 -0.00058 -0.00225 0.0024 -0.00168
67.16 -0.00077 -0.00265 0.0024 -0.00177
67.2 -0.00058 -0.00254 0.00326 -0.00141
67.24 -0.00071 -0.00283 0.00303 -0.00159
67.28 -0.00084 -0.00306 0.00334 -0.00132
67.32 -0.00077 -0.00306 0.00389 -0.0011
67.36 -0.001 -0.00343 0.00389 -0.0011
67.4 -0.00087 -0.00329 0.00475 -0.0007
67.44 -0.00096 -0.00349 0.00459 -0.00092
67.48 -0.00109 -0.0036 0.00491 -0.00056
67.52 -0.00096 -0.00352 0.0053 -0.00047
67.56 -0.00122 -0.00372 0.0053 -0.00052
67.6 -0.00103 -0.0034 0.00601 -0.00016
67.64 -0.00112 -0.0034 0.00569 -0.00052
67.68 -0.00122 -0.00337 0.00593 -0.00034
67.72 -0.00109 -0.00308 0.00632 -0.0002
67.76 -0.00132 -0.00317 0.00608 -0.00047
67.8 -0.00112 -0.00274 0.00679 -0.00025
67.84 -0.00119 -0.00268 0.00632 -0.0007
67.88 -0.00129 -0.00257 0.00632 -0.00065
67.92 -0.00109 -0.00231 0.00648 -0.0007
67.96 -0.00125 -0.00237 0.00624 -0.00097
68 -0.00103 -0.00194 0.00671 -0.00079
68.04 -0.00103 -0.00194 0.00608 -0.00132
68.08 -0.00103 -0.00191 0.00601 -0.00123
68.12 -0.0008 -0.00171 0.00601 -0.00132
68.16 -0.0009 -0.00182 0.00554 -0.00155
68.2 -0.00064 -0.00142 0.00577 -0.0015
68.24 -0.00061 -0.00142 0.00498 -0.00199
68.28 -0.00061 -0.00133 0.00467 -0.00191
68.32 -0.00038 -0.00101 0.00459 -0.00191
68.36 -0.00051 -0.00107 0.00389 -0.00222
68.4 -0.00026 -0.00061 0.00397 -0.00204
68.44 -0.00029 -0.0005 0.00311 -0.00253
68.48 -0.00032 -0.00038 0.00279 -0.00244
68.52 -0.00013 -0.00003 0.00256 -0.00248
68.56 -0.00029 -0.00009 0.00186 -0.00266
68.6 -0.00006 0.00043 0.00194 -0.00253
68.64 -0.00009 0.00048 0.00116 -0.00297
68.68 -0.00009 0.0006 0.00077 -0.00279
68.72 0.0001 0.00089 0.00061 -0.00275
68.76 0 0.00086 0.00007 -0.00301
68.8 0.00029 0.00132 0.00023 -0.00279
68.84 0.00032 0.00141 -0.00071 -0.00319
68.88 0.00039 0.00155 -0.00117 -0.00305
68.92 0.00065 0.00184 -0.00133 -0.00305
68.96 0.00062 0.00182 -0.00194 -0.00319
69 0.00094 0.00228 -0.00171 -0.00292
69.04 0.001 0.00237 -0.00256 -0.00336
69.08 0.00103 0.00245 -0.00287 -0.00319
69.12 0.00126 0.00271 -0.00302 -0.00319
69.16 0.00119 0.00257 -0.00356 -0.00332
69.2 0.00149 0.00289 -0.00325 -0.00301
69.24 0.00149 0.00277 -0.00394 -0.00345
69.28 0.00145 0.00274 -0.0041 -0.00319
69.32 0.00165 0.00271 -0.00402 -0.00301
69.36 0.00152 0.00237 -0.00425 -0.00297
69.4 0.00175 0.00248 -0.00372 -0.00262
69.44 0.00175 0.00219 -0.00418 -0.00279
69.48 0.00168 0.0019 -0.00402 -0.00244
69.52 0.00181 0.00179 -0.00356 -0.00217
69.56 0.00162 0.00132 -0.00364 -0.00217
69.6 0.00181 0.00135 -0.00271 -0.00173
69.64 0.00168 0.00103 -0.00287 -0.00195
69.68 0.00149 0.00077 -0.00248 -0.00155
69.72 0.00162 0.00075 -0.00187 -0.00123
69.76 0.00136 0.00037 -0.00171 -0.00128
69.8 0.00149 0.00052 -0.00071 -0.00074
69.84 0.00136 0.00031 -0.00071 -0.00105
69.88 0.00123 0.00017 -0.00032 -0.00065
69.92 0.00129 0.0002 0.0003 -0.00034
69.96 0.0011 -0.00012 0.0003 -0.00043
70 0.00126 0.00002 0.00116 -0.00007
70.04 0.00123 -0.00018 0.00092 -0.00034
70.08 0.00103 -0.00041 0.00123 -0.00002
70.12 0.00116 -0.00044 0.00162 0.00016
70.16 0.00094 -0.00084 0.00155 0.00012
70.2 0.00113 -0.00073 0.00217 0.00048
70.24 0.00103 -0.00101 0.00186 0.00016
70.28 0.00091 -0.00122 0.00201 0.00048
70.32 0.001 -0.00122 0.00233 0.0007
70.36 0.00078 -0.00153 0.00209 0.00066
70.4 0.00091 -0.00133 0.00279 0.00102
70.44 0.00087 -0.00145 0.00233 0.00075
70.48 0.00074 -0.00151 0.00233 0.00107
70.52 0.00091 -0.00133 0.00256 0.0013
70.56 0.00071 -0.00145 0.00233 0.00121
70.6 0.00094 -0.00107 0.00279 0.00157
70.64 0.00091 -0.00104 0.00217 0.00134
70.68 0.00087 -0.00096 0.00217 0.00162
70.72 0.00107 -0.0007 0.00233 0.00189
70.76 0.00097 -0.00081 0.00194 0.00194
70.8 0.00126 -0.00038 0.0024 0.0023
70.84 0.00126 -0.00032 0.00178 0.00203
70.88 0.00123 -0.00021 0.0017 0.0023
70.92 0.00149 0.00008 0.00186 0.0024
70.96 0.00133 0.00005 0.00155 0.00235
71 0.00162 0.00057 0.00186 0.00272
71.04 0.00162 0.00069 0.00131 0.0024
71.08 0.00155 0.00089 0.00116 0.00254
71.12 0.00175 0.0013 0.00131 0.00267
71.16 0.00162 0.00132 0.00092 0.00258
71.2 0.00184 0.00187 0.00131 0.0029
71.24 0.00181 0.00199 0.00069 0.00244
71.28 0.00178 0.00216 0.00061 0.00258
71.32 0.00197 0.00251 0.00077 0.00267
71.36 0.00187 0.00251 0.0003 0.0024
71.4 0.0021 0.00295 0.00084 0.00258
71.44 0.00213 0.00303 0.00023 0.00208
71.48 0.00207 0.00315 0.00023 0.00203
71.52 0.00226 0.00344 0.00054 0.00194
71.56 0.0021 0.00335 0.00007 0.00148
71.6 0.00233 0.00379 0.00069 0.00157
71.64 0.00226 0.00379 0.00007 0.00093
71.68 0.0022 0.00387 0.00015 0.00084
71.72 0.00236 0.00414 0.00038 0.00066
71.76 0.0022 0.00405 0.00015 0.00025
71.8 0.00242 0.00443 0.00084 0.0003
71.84 0.00236 0.00443 0.0003 -0.00038
71.88 0.00233 0.00446 0.00046 -0.00052
71.92 0.00252 0.00466 0.00084 -0.0007
71.96 0.00236 0.00446 0.00077 -0.00105
72 0.00262 0.00475 0.00139 -0.00105
72.04 0.00255 0.0046 0.001 -0.00168
72.08 0.00249 0.00449 0.00108 -0.00155
72.12 0.00262 0.00449 0.00147 -0.00164
72.16 0.00239 0.00414 0.00123 -0.00195
72.2 0.00249 0.00419 0.00186 -0.00181
72.24 0.00233 0.00387 0.00147 -0.00222
72.28 0.0021 0.00356 0.00155 -0.00217
72.32 0.00207 0.00341 0.00178 -0.00213
72.36 0.00171 0.00289 0.00162 -0.00235
72.4 0.00178 0.00286 0.00217 -0.00208
72.44 0.00155 0.00242 0.00178 -0.00248
72.48 0.00129 0.00202 0.00186 -0.00235
72.52 0.00129 0.00179 0.00217 -0.0023
72.56 0.00097 0.00118 0.00201 -0.00248
72.6 0.00103 0.00109 0.00272 -0.00217
72.64 0.00084 0.0006 0.00225 -0.00244
72.68 0.00058 0.00017 0.00233 -0.0023
72.72 0.00055 -0.00009 0.00264 -0.00222
72.76 0.00023 -0.0007 0.00233 -0.00239
72.8 0.0002 -0.00078 0.00295 -0.00199
72.84 -0.00006 -0.00122 0.00248 -0.00235
72.88 -0.00038 -0.00162 0.00248 -0.00204
72.92 -0.00042 -0.00176 0.00279 -0.00191
72.96 -0.00074 -0.00237 0.00248 -0.00195
73 -0.00084 -0.0024 0.00319 -0.00164
73.04 -0.00109 -0.0028 0.00248 -0.00177
73.08 -0.00141 -0.00314 0.0024 -0.0015
73.12 -0.00144 -0.00329 0.00256 -0.00132
73.16 -0.0018 -0.0038 0.00225 -0.00119
73.2 -0.00177 -0.0038 0.00279 -0.0007
73.24 -0.00196 -0.00418 0.00209 -0.00092
73.28 -0.00222 -0.00449 0.00201 -0.00061
73.32 -0.00222 -0.00461 0.00217 -0.00029
73.36 -0.00257 -0.00506 0.00186 -0.00029
73.4 -0.00254 -0.00501 0.00225 0.00039
73.44 -0.0028 -0.00532 0.0017 0.0002
73.48 -0.00308 -0.00555 0.0017 0.00061
73.52 -0.00312 -0.00552 0.00186 0.00098
73.56 -0.0035 -0.00584 0.00162 0.00107
73.6 -0.00347 -0.00566 0.00217 0.00157
73.64 -0.00366 -0.00575 0.0017 0.00139
73.68 -0.00388 -0.00578 0.00178 0.0018
73.72 -0.00379 -0.00561 0.00209 0.00203
73.76 -0.00401 -0.00575 0.00194 0.00203
73.8 -0.00382 -0.00541 0.00256 0.00254
73.84 -0.00385 -0.00541 0.00217 0.00221
73.88 -0.00388 -0.00532 0.00233 0.00254
73.92 -0.00366 -0.00506 0.00272 0.00272
73.96 -0.00379 -0.00512 0.00264 0.00258
74 -0.00356 -0.00472 0.00342 0.00295
74.04 -0.00359 -0.00466 0.00303 0.00254
74.08 -0.00369 -0.00455 0.00319 0.00281
74.12 -0.00356 -0.00423 0.00365 0.00286
74.16 -0.00379 -0.00429 0.0035 0.00277
74.2 -0.00366 -0.0038 0.0042 0.00309
74.24 -0.00376 -0.00372 0.00389 0.00263
74.28 -0.00388 -0.0036 0.00404 0.0029
74.32 -0.00376 -0.00329 0.00443 0.003
74.36 -0.00391 -0.00337 0.0042 0.00267
74.4 -0.00369 -0.003 0.00498 0.00309
74.44 -0.00372 -0.00303 0.00451 0.00254
74.48 -0.00376 -0.00306 0.00451 0.00267
74.52 -0.00356 -0.00291 0.00483 0.00258
74.56 -0.00369 -0.00314 0.00451 0.0023
74.6 -0.00347 -0.00291 0.00514 0.00258
74.64 -0.00347 -0.00303 0.00467 0.00208
74.68 -0.00353 -0.00314 0.00467 0.00217
74.72 -0.00334 -0.003 0.00498 0.00185
74.76 -0.00347 -0.00326 0.00467 0.00157
74.8 -0.00321 -0.00297 0.00522 0.00152
74.84 -0.00321 -0.00308 0.00475 0.00102
74.88 -0.00321 -0.00314 0.00475 0.00089
74.92 -0.00295 -0.003 0.00506 0.00075
74.96 -0.00305 -0.00334 0.00483 0.00039
75 -0.00273 -0.00314 0.00561 0.00043
75.04 -0.0027 -0.0034 0.00498 -0.00029
75.08 -0.00267 -0.00363 0.00506 -0.00043
75.12 -0.00247 -0.00369 0.00546 -0.00052
75.16 -0.00263 -0.00415 0.0053 -0.00115
75.2 -0.00244 -0.00415 0.00601 -0.00123
75.24 -0.00254 -0.00449 0.00569 -0.00186
75.28 -0.00273 -0.00481 0.00577 -0.00213
75.32 -0.0027 -0.00492 0.00616 -0.0023
75.36 -0.00299 -0.00532 0.00616 -0.00279
75.4 -0.00289 -0.00524 0.00664 -0.00279
75.44 -0.00302 -0.00543 0.00624 -0.00341
75.48 -0.00312 -0.00555 0.00624 -0.00341
75.52 -0.00305 -0.00543 0.00656 -0.00354
75.56 -0.00321 -0.00566 0.00632 -0.00398
75.6 -0.00299 -0.00535 0.00695 -0.00389
75.64 -0.00295 -0.00541 0.00648 -0.00441
75.68 -0.00295 -0.00543 0.00656 -0.00441
75.72 -0.00267 -0.00526 0.00671 -0.00441
75.76 -0.00276 -0.00547 0.00656 -0.00476
75.8 -0.00247 -0.00515 0.00719 -0.00459
75.84 -0.00241 -0.00512 0.00664 -0.00498
75.88 -0.00241 -0.00515 0.00664 -0.00498
75.92 -0.00215 -0.00486 0.00687 -0.00489
75.96 -0.00225 -0.00489 0.00671 -0.0052
76 -0.0019 -0.00438 0.00727 -0.00493
76.04 -0.0018 -0.00415 0.00671 -0.00528
76.08 -0.0017 -0.00389 0.00679 -0.00515
76.12 -0.00132 -0.00337 0.00687 -0.00507
76.16 -0.00125 -0.0032 0.00664 -0.00524
76.2 -0.0008 -0.00254 0.00711 -0.00511
76.24 -0.00055 -0.00225 0.00656 -0.00541
76.28 -0.00035 -0.00191 0.00648 -0.00524
76.32 0.00003 -0.00139 0.00656 -0.00511
76.36 0.0001 -0.00125 0.00624 -0.0052
76.4 0.00048 -0.00061 0.00664 -0.00502
76.44 0.00068 -0.00027 0.00601 -0.0052
76.48 0.00074 0.00008 0.00577 -0.00502
76.52 0.00103 0.00069 0.00577 -0.00476
76.56 0.00097 0.00103 0.0053 -0.00481
76.6 0.00129 0.00187 0.00554 -0.00441
76.64 0.00139 0.00242 0.00475 -0.00459
76.68 0.00149 0.00301 0.00443 -0.00424
76.72 0.00181 0.00376 0.00428 -0.00402
76.76 0.00184 0.00414 0.00373 -0.00393
76.8 0.00226 0.00495 0.00389 -0.00367
76.84 0.00246 0.00536 0.00311 -0.00363
76.88 0.00259 0.00571 0.00272 -0.00336
76.92 0.00294 0.00618 0.00279 -0.00319
76.96 0.00291 0.00623 0.0024 -0.00319
77 0.00327 0.00673 0.00264 -0.00279
77.04 0.00336 0.00676 0.00186 -0.00305
77.08 0.0034 0.00679 0.00162 -0.00275
77.12 0.00362 0.00693 0.0017 -0.00257
77.16 0.00359 0.00676 0.00131 -0.00262
77.2 0.00395 0.00699 0.00162 -0.00235
77.24 0.00408 0.00688 0.001 -0.00248
77.28 0.00418 0.00679 0.00077 -0.0023
77.32 0.0045 0.00688 0.00092 -0.00213
77.36 0.00447 0.00661 0.00054 -0.00217
77.4 0.00479 0.00676 0.00092 -0.00186
77.44 0.00492 0.00658 0.0003 -0.00204
77.48 0.00489 0.00638 0.00007 -0.00181
77.52 0.00509 0.00632 0.00023 -0.00177
77.56 0.00492 0.00591 -0.00001 -0.00191
77.6 0.00512 0.00591 0.00038 -0.00164
77.64 0.00509 0.00559 -0.00024 -0.00195
77.68 0.00499 0.0053 -0.00032 -0.00186
77.72 0.00515 0.00524 -0.00009 -0.00181
77.76 0.00492 0.00486 -0.00032 -0.00191
77.8 0.00512 0.00489 0.00023 -0.00168
77.84 0.00509 0.00463 -0.00024 -0.00199
77.88 0.00499 0.0044 -0.00032 -0.00168
77.92 0.00512 0.00443 -0.00001 -0.00164
77.96 0.00486 0.00414 -0.00024 -0.00177
78 0.00502 0.00422 0.00023 -0.0015
78.04 0.00492 0.00405 -0.00016 -0.00173
78.08 0.00473 0.00387 -0.00024 -0.00164
78.12 0.00479 0.0039 0.00007 -0.0015
78.16 0.0045 0.00364 -0.00009 -0.00173
78.2 0.0046 0.00373 0.00038 -0.00141
78.24 0.00453 0.00356 -0.00001 -0.00177
78.28 0.00437 0.00338 -0.00001 -0.00159
78.32 0.0045 0.00341 0.0003 -0.0015
78.36 0.00434 0.00318 0.00023 -0.00164
78.4 0.0045 0.00329 0.00077 -0.00141
78.44 0.00457 0.00321 0.00054 -0.00173
78.48 0.0045 0.00312 0.0003 -0.00164
78.52 0.0047 0.00329 0.00069 -0.00132
78.56 0.0045 0.00324 0.00046 -0.00146
78.6 0.0047 0.00344 0.00092 -0.00119
78.64 0.00463 0.00347 0.00046 -0.00128
78.68 0.00447 0.00347 0.00038 -0.0011
78.72 0.00457 0.00367 0.00054 -0.00097
78.76 0.00421 0.00358 0.0003 -0.00101
78.8 0.00434 0.00382 0.00077 -0.00065
78.84 0.00418 0.00382 0.00015 -0.00083
78.88 0.00395 0.00376 -0.00001 -0.00061
78.92 0.00398 0.0039 0.00023 -0.00038
78.96 0.00369 0.00376 -0.00009 -0.00056
79 0.00379 0.00393 0.0003 -0.00025
79.04 0.00366 0.00385 -0.00024 -0.00047
79.08 0.00346 0.00376 -0.0004 -0.00029
79.12 0.00349 0.00385 -0.00016 -0.00011
79.16 0.00314 0.00358 -0.00047 -0.00025
79.2 0.00317 0.00367 -0.00009 0.00002
79.24 0.00297 0.0035 -0.00063 -0.0002
79.28 0.00268 0.00326 -0.00078 -0.00002
79.32 0.00268 0.00321 -0.00063 0.00007
79.36 0.0023 0.00286 -0.00101 -0.00011
79.4 0.00236 0.00283 -0.00063 0.00016
79.44 0.00223 0.00257 -0.00125 -0.0002
79.48 0.00207 0.00228 -0.00133 -0.00011
79.52 0.00207 0.00219 -0.00101 -0.00016
79.56 0.00175 0.00179 -0.00133 -0.00034
79.6 0.00181 0.00176 -0.00078 -0.00011
79.64 0.00175 0.00144 -0.00117 -0.00056
79.68 0.00152 0.00109 -0.00125 -0.00038
79.72 0.00155 0.00098 -0.00094 -0.00034
79.76 0.00119 0.00054 -0.00109 -0.00056
79.8 0.00126 0.00046 -0.00055 -0.00038
79.84 0.0011 0.00011 -0.00094 -0.00079
79.88 0.00084 -0.00024 -0.00101 -0.00083
79.92 0.00084 -0.00035 -0.00071 -0.00083
79.96 0.00045 -0.00078 -0.00086 -0.00097
