A 10 5
A 550 1
N 47 0.5
B 90 1
B 92 9
B 93 0.05792 10.0
B 96 2.0 3.0
B 98 2
B 99 1
F 60 0.32
N 41 25.0
M 10 8
P 12 100
W 22 -9.81
P 51 11.4000 13.8000
P 51 12.5500 13.8000
P 51 15.0000 16.3500
P 51 17.5500 13.8000
P 51 15.0000 12.4000
P 51 15.0000 12.3700
P 51 15.0000 12.3400
P 51 15.0000 12.3100
P 51 15.0000 12.2800
P 51 15.0000 12.2500
P 51 15.0000 12.2200
P 51 15.0000 12.1900
P 51 15.0000 12.1600
P 51 15.0000 12.1300
P 51 15.0000 12.1000
P 51 15.0000 12.0700
P 51 15.0000 12.0400
P 51 15.0000 12.0100
P 51 15.0000 11.9800
P 51 15.0000 11.9500
P 51 15.0000 11.9200
P 51 15.0000 11.8900
P 51 15.0000 11.8600
P 51 15.0000 11.8300
P 51 15.0000 11.8000
P 51 15.0000 11.7700
P 51 15.0000 11.7400
P 51 15.0000 11.7100
P 51 15.0000 11.6800
P 51 15.0000 11.6500
P 51 15.0000 11.6200
P 51 15.0000 11.5900
P 51 15.0000 11.5600
P 51 15.0000 11.5300
P 51 15.0000 11.5000
P 51 15.0000 11.4700
P 51 15.0000 11.4400
P 51 15.0000 11.4100
P 51 15.0000 11.3800
P 51 15.0000 11.3500
P 51 15.9899 12.8101
P 51 16.0112 12.7888
P 51 16.0324 12.7676
P 51 16.0536 12.7464
P 51 16.0748 12.7252
P 51 16.0960 12.7040
P 51 16.1172 12.6828
P 51 16.1384 12.6616
P 51 16.1597 12.6403
P 51 16.1809 12.6191
P 51 16.2021 12.5979
P 51 16.2233 12.5767
P 51 16.2445 12.5555
P 51 16.2657 12.5343
P 51 16.2869 12.5131
P 51 16.3081 12.4919
P 51 16.3294 12.4706
P 51 16.3506 12.4494
P 51 16.3718 12.4282
P 51 16.3930 12.4070
P 51 16.4142 12.3858
P 51 16.4354 12.3646
P 51 16.4566 12.3434
P 51 16.4779 12.3221
P 51 16.4991 12.3009
P 51 16.5203 12.2797
P 51 16.5415 12.2585
P 51 16.5627 12.2373
P 51 16.5839 12.2161
P 51 16.6051 12.1949
P 51 16.6263 12.1737
P 51 16.6476 12.1524
P 51 16.6688 12.1312
P 51 16.6900 12.1100
P 51 16.7112 12.0888
P 51 16.7324 12.0676
P 51 16.2934 13.2642
P 51 16.3211 13.2528
P 51 16.3489 13.2413
P 51 16.3766 13.2298
P 51 16.4043 13.2183
P 51 16.4320 13.2068
P 51 16.4597 13.1954
P 51 16.4874 13.1839
P 51 16.5152 13.1724
P 51 16.5429 13.1609
P 51 16.5706 13.1494
P 51 16.5983 13.1380
P 51 16.6260 13.1265
P 51 16.6537 13.1150
P 51 16.6815 13.1035
P 51 16.7092 13.0920
P 51 16.7369 13.0806
P 51 16.7646 13.0691
P 51 16.7923 13.0576
P 51 16.8200 13.0461
P 51 16.8478 13.0346
P 51 16.8755 13.0232
P 51 16.9032 13.0117
P 51 16.9309 13.0002
P 51 16.9586 12.9887
P 51 16.9863 12.9772
P 51 17.0141 12.9658
P 51 17.0418 12.9543
P 51 17.0695 12.9428
P 51 17.0972 12.9313
P 51 17.1249 12.9198
P 51 17.1526 12.9083
P 51 17.1804 12.8969
P 51 17.2081 12.8854
P 51 17.2358 12.8739
P 51 17.2635 12.8624
P 51 16.4000 13.8000
P 51 16.4300 13.8000
P 51 16.4600 13.8000
P 51 16.4900 13.8000
P 51 16.5200 13.8000
P 51 16.5500 13.8000
P 51 16.5800 13.8000
P 51 16.6100 13.8000
P 51 16.6400 13.8000
P 51 16.6700 13.8000
P 51 16.7000 13.8000
P 51 16.7300 13.8000
P 51 16.7600 13.8000
P 51 16.7900 13.8000
P 51 16.8200 13.8000
P 51 16.8500 13.8000
P 51 16.8800 13.8000
P 51 16.9100 13.8000
P 51 16.9400 13.8000
P 51 16.9700 13.8000
P 51 17.0000 13.8000
P 51 17.0300 13.8000
P 51 17.0600 13.8000
P 51 17.0900 13.8000
P 51 17.1200 13.8000
P 51 17.1500 13.8000
P 51 17.1800 13.8000
P 51 17.2100 13.8000
P 51 17.2400 13.8000
P 51 17.2700 13.8000
P 51 17.3000 13.8000
P 51 17.3300 13.8000
P 51 17.3600 13.8000
P 51 17.3900 13.8000
P 51 17.4200 13.8000
P 51 17.4500 13.8000
P 51 16.2934 14.3358
P 51 16.3211 14.3472
P 51 16.3489 14.3587
P 51 16.3766 14.3702
P 51 16.4043 14.3817
P 51 16.4320 14.3932
P 51 16.4597 14.4046
P 51 16.4874 14.4161
P 51 16.5152 14.4276
P 51 16.5429 14.4391
P 51 16.5706 14.4506
P 51 16.5983 14.4620
P 51 16.6260 14.4735
P 51 16.6537 14.4850
P 51 16.6815 14.4965
P 51 16.7092 14.5080
P 51 16.7369 14.5194
P 51 16.7646 14.5309
P 51 16.7923 14.5424
P 51 16.8200 14.5539
P 51 16.8478 14.5654
P 51 16.8755 14.5768
P 51 16.9032 14.5883
P 51 16.9309 14.5998
P 51 16.9586 14.6113
P 51 16.9863 14.6228
P 51 17.0141 14.6342
P 51 17.0418 14.6457
P 51 17.0695 14.6572
P 51 17.0972 14.6687
P 51 17.1249 14.6802
P 51 17.1526 14.6917
P 51 17.1804 14.7031
P 51 17.2081 14.7146
P 51 17.2358 14.7261
P 51 17.2635 14.7376
P 51 15.9899 14.7899
P 51 16.0112 14.8112
P 51 16.0324 14.8324
P 51 16.0536 14.8536
P 51 16.0748 14.8748
P 51 16.0960 14.8960
P 51 16.1172 14.9172
P 51 16.1384 14.9384
P 51 16.1597 14.9597
P 51 16.1809 14.9809
P 51 16.2021 15.0021
P 51 16.2233 15.0233
P 51 16.2445 15.0445
P 51 16.2657 15.0657
P 51 16.2869 15.0869
P 51 16.3081 15.1081
P 51 16.3294 15.1294
P 51 16.3506 15.1506
P 51 16.3718 15.1718
P 51 16.3930 15.1930
P 51 16.4142 15.2142
P 51 16.4354 15.2354
P 51 16.4566 15.2566
P 51 16.4779 15.2779
P 51 16.4991 15.2991
P 51 16.5203 15.3203
P 51 16.5415 15.3415
P 51 16.5627 15.3627
P 51 16.5839 15.3839
P 51 16.6051 15.4051
P 51 16.6263 15.4263
P 51 16.6476 15.4476
P 51 16.6688 15.4688
P 51 16.6900 15.4900
P 51 16.7112 15.5112
P 51 16.7324 15.5324
P 51 15.0000 15.2000
P 51 15.0000 15.2300
P 51 15.0000 15.2600
P 51 15.0000 15.2900
P 51 15.0000 15.3200
P 51 15.0000 15.3500
P 51 15.0000 15.3800
P 51 15.0000 15.4100
P 51 15.0000 15.4400
P 51 15.0000 15.4700
P 51 15.0000 15.5000
P 51 15.0000 15.5300
P 51 15.0000 15.5600
P 51 15.0000 15.5900
P 51 15.0000 15.6200
P 51 15.0000 15.6500
P 51 15.0000 15.6800
P 51 15.0000 15.7100
P 51 15.0000 15.7400
P 51 15.0000 15.7700
P 51 15.0000 15.8000
P 51 15.0000 15.8300
P 51 15.0000 15.8600
P 51 15.0000 15.8900
P 51 15.0000 15.9200
P 51 15.0000 15.9500
P 51 15.0000 15.9800
P 51 15.0000 16.0100
P 51 15.0000 16.0400
P 51 15.0000 16.0700
P 51 15.0000 16.1000
P 51 15.0000 16.1300
P 51 15.0000 16.1600
P 51 15.0000 16.1900
P 51 15.0000 16.2200
P 51 15.0000 16.2500
P 51 14.0101 14.7899
P 51 13.9888 14.8112
P 51 13.9676 14.8324
P 51 13.9464 14.8536
P 51 13.9252 14.8748
P 51 13.9040 14.8960
P 51 13.8828 14.9172
P 51 13.8616 14.9384
P 51 13.8403 14.9597
P 51 13.8191 14.9809
P 51 13.7979 15.0021
P 51 13.7767 15.0233
P 51 13.7555 15.0445
P 51 13.7343 15.0657
P 51 13.7131 15.0869
P 51 13.6919 15.1081
P 51 13.6706 15.1294
P 51 13.6494 15.1506
P 51 13.6282 15.1718
P 51 13.6070 15.1930
P 51 13.5858 15.2142
P 51 13.5646 15.2354
P 51 13.5434 15.2566
P 51 13.5221 15.2779
P 51 13.5009 15.2991
P 51 13.4797 15.3203
P 51 13.4585 15.3415
P 51 13.4373 15.3627
P 51 13.4161 15.3839
P 51 13.3949 15.4051
P 51 13.3737 15.4263
P 51 13.3524 15.4476
P 51 13.3312 15.4688
P 51 13.3100 15.4900
P 51 13.2888 15.5112
P 51 13.2676 15.5324
P 51 13.7066 14.3358
P 51 13.6789 14.3472
P 51 13.6511 14.3587
P 51 13.6234 14.3702
P 51 13.5957 14.3817
P 51 13.5680 14.3932
P 51 13.5403 14.4046
P 51 13.5126 14.4161
P 51 13.4848 14.4276
P 51 13.4571 14.4391
P 51 13.4294 14.4506
P 51 13.4017 14.4620
P 51 13.3740 14.4735
P 51 13.3463 14.4850
P 51 13.3185 14.4965
P 51 13.2908 14.5080
P 51 13.2631 14.5194
P 51 13.2354 14.5309
P 51 13.2077 14.5424
P 51 13.1800 14.5539
P 51 13.1522 14.5654
P 51 13.1245 14.5768
P 51 13.0968 14.5883
P 51 13.0691 14.5998
P 51 13.0414 14.6113
P 51 13.0137 14.6228
P 51 12.9859 14.6342
P 51 12.9582 14.6457
P 51 12.9305 14.6572
P 51 12.9028 14.6687
P 51 12.8751 14.6802
P 51 12.8474 14.6917
P 51 12.8196 14.7031
P 51 12.7919 14.7146
P 51 12.7642 14.7261
P 51 12.7365 14.7376
P 51 13.6000 13.8000
P 51 13.5700 13.8000
P 51 13.5400 13.8000
P 51 13.5100 13.8000
P 51 13.4800 13.8000
P 51 13.4500 13.8000
P 51 13.4200 13.8000
P 51 13.3900 13.8000
P 51 13.3600 13.8000
P 51 13.3300 13.8000
P 51 13.3000 13.8000
P 51 13.2700 13.8000
P 51 13.2400 13.8000
P 51 13.2100 13.8000
P 51 13.1800 13.8000
P 51 13.1500 13.8000
P 51 13.1200 13.8000
P 51 13.0900 13.8000
P 51 13.0600 13.8000
P 51 13.0300 13.8000
P 51 13.0000 13.8000
P 51 12.9700 13.8000
P 51 12.9400 13.8000
P 51 12.9100 13.8000
P 51 12.8800 13.8000
P 51 12.8500 13.8000
P 51 12.8200 13.8000
P 51 12.7900 13.8000
P 51 12.7600 13.8000
P 51 12.7300 13.8000
P 51 12.7000 13.8000
P 51 12.6700 13.8000
P 51 12.6400 13.8000
P 51 12.6100 13.8000
P 51 12.5800 13.8000
P 51 12.5500 13.8000
P 51 13.7066 13.2642
P 51 13.6789 13.2528
P 51 13.6511 13.2413
P 51 13.6234 13.2298
P 51 13.5957 13.2183
P 51 13.5680 13.2068
P 51 13.5403 13.1954
P 51 13.5126 13.1839
P 51 13.4848 13.1724
P 51 13.4571 13.1609
P 51 13.4294 13.1494
P 51 13.4017 13.1380
P 51 13.3740 13.1265
P 51 13.3463 13.1150
P 51 13.3185 13.1035
P 51 13.2908 13.0920
P 51 13.2631 13.0806
P 51 13.2354 13.0691
P 51 13.2077 13.0576
P 51 13.1800 13.0461
P 51 13.1522 13.0346
P 51 13.1245 13.0232
P 51 13.0968 13.0117
P 51 13.0691 13.0002
P 51 13.0414 12.9887
P 51 13.0137 12.9772
P 51 12.9859 12.9658
P 51 12.9582 12.9543
P 51 12.9305 12.9428
P 51 12.9028 12.9313
P 51 12.8751 12.9198
P 51 12.8474 12.9083
P 51 12.8196 12.8969
P 51 12.7919 12.8854
P 51 12.7642 12.8739
P 51 12.7365 12.8624
P 51 14.0101 12.8101
P 51 13.9888 12.7888
P 51 13.9676 12.7676
P 51 13.9464 12.7464
P 51 13.9252 12.7252
P 51 13.9040 12.7040
P 51 13.8828 12.6828
P 51 13.8616 12.6616
P 51 13.8403 12.6403
P 51 13.8191 12.6191
P 51 13.7979 12.5979
P 51 13.7767 12.5767
P 51 13.7555 12.5555
P 51 13.7343 12.5343
P 51 13.7131 12.5131
P 51 13.6919 12.4919
P 51 13.6706 12.4706
P 51 13.6494 12.4494
P 51 13.6282 12.4282
P 51 13.6070 12.4070
P 51 13.5858 12.3858
P 51 13.5646 12.3646
P 51 13.5434 12.3434
P 51 13.5221 12.3221
P 51 13.5009 12.3009
P 51 13.4797 12.2797
P 51 13.4585 12.2585
P 51 13.4373 12.2373
P 51 13.4161 12.2161
P 51 13.3949 12.1949
P 51 13.3737 12.1737
P 51 13.3524 12.1524
P 51 13.3312 12.1312
P 51 13.3100 12.1100
P 51 13.2888 12.0888
P 51 13.2676 12.0676
