A 10 2

B 90 1
B 92 2
B 93 0.5 6.0
B 96 0.0 0.0
B 98 2

B 510 1 1 0.0 300.0
B 511 1 0.25 300.0 90.0
B 510 2 1 0.0 300.0
B 511 2 0.25 300.0 332.31
B 510 3 1 0.0 300.0
B 511 3 0.25 300.0 326.26
B 510 4 1 0.0 300.0
B 511 4 0.25 300.0 93.03

B 520 10 3 0
B 521 10 1 0.0 0.0 0.0
B 523 10 1
B 520 11 3 0
B 521 11 2 0.0 0.0 0.0
B 523 11 2

B 520 1 1 0
B 521 1 1 0.0 0.0 50.0
B 523 1 4

B 520 3 2 0
B 521 3 2 0.0 0.0 100.0
B 523 3 3

F 60 10.0

N 41 900.0
N 47 0.5

M 10 1

P 51 300.0 1.0
P 51 600.0 1.0
P 51 900.0 1.0
P 51 1200.0 1.0
P 51 1500.0 1.0
P 51 1700.0 1.0
P 51 1712.0 1.0
P 51 1730.0 1.0
P 51 1960.0 1.0

W 22 -9.81
