SWAN   1
$ synthetic boundary spectra (validation)
TIME
     1
LOCATIONS
     1
         0.000       5000.000
AFREQ
    20
    0.0500000000
    0.0557828959
    0.0622346295
    0.0694325571
    0.0774629821
    0.0864221893
    0.0964175998
    0.1075690586
    0.1200102720
    0.1338904101
    0.1493758962
    0.1666524013
    0.1859270710
    0.2074310089
    0.2314220475
    0.2581878396
    0.2880493075
    0.3213644906
    0.3585328385
    0.4000000000
CDIR
    24
    0.000000
   15.000000
   30.000000
   45.000000
   60.000000
   75.000000
   90.000000
  105.000000
  120.000000
  135.000000
  150.000000
  165.000000
  180.000000
  195.000000
  210.000000
  225.000000
  240.000000
  255.000000
  270.000000
  285.000000
  300.000000
  315.000000
  330.000000
  345.000000
QUANT
     1
VaDens
m2/Hz/degr
   -0.9900E+02
20261005.000000
FACTOR
  1.974154151700E-10
0 0 0 0 0 0 0 0 0 0 0 0 0 0 0 0 0 0 0 0 0 0 0 0
0 0 0 0 0 0 0 0 0 0 0 0 0 0 0 0 0 0 0 0 0 0 0 0
5 6 6 4 2 1 0 0 0 0 0 0 0 0 0 0 0 0 0 0 0 0 1 2
3623 4828 4560 3046 1418 447 91 11 1 0 0 0 0 0 0 0 0 0 0 2 24 163 688 1907
220409 293717 277386 185281 86281 27213 5540 674 43 1 0 0 0 0 0 0 0 0 4 117 1450 9926 41852 116035
2573988 3430097 3239380 2163753 1007613 317801 64695 7874 507 14 0 0 0 0 0 0 0 1 52 1372 16930 115921 488755 1355088
10417357 13882172 13110308 8757067 4077976 1286195 261830 31867 2052 57 0 0 0 0 0 0 0 3 210 5551 68518 469151 1978074 5484265
24694213 32907510 31077819 20758514 9666791 3048909 620664 75541 4863 135 1 0 0 0 0 0 0 7 498 13159 162422 1112115 4689000 13000380
75041267 100000000 94439896 63081388 29375638 9265086 1886085 229556 14778 410 3 0 0 0 0 0 0 20 1514 39989 493572 3379518 14249027 39505814
63520179 84646998 79940536 53396501 24865596 7842617 1596515 194312 12509 347 3 0 0 0 0 0 0 17 1281 33849 417794 2860661 12061374 33440485
24077087 32085129 30301162 20239745 9425211 2972715 605153 73653 4742 131 1 0 0 0 0 0 0 6 486 12830 158363 1084323 4571819 12675491
15462991 20605983 19460269 12998540 6053139 1909162 388646 47302 3045 84 1 0 0 0 0 0 0 4 312 8240 101705 696383 2936152 8140561
10280370 13699622 12937909 8641912 4024351 1269282 258387 31448 2025 56 0 0 0 0 0 0 0 3 207 5478 67617 462981 1952063 5412147
6511389 8677077 8194623 5473621 2548947 803939 163657 19919 1282 36 0 0 0 0 0 0 0 2 131 3470 42828 293243 1236399 3427950
3993912 5322287 5026362 3357373 1563456 493114 100383 12218 787 22 0 0 0 0 0 0 0 1 81 2128 26269 179868 758374 2102613
2399525 3197607 3019817 2017095 939317 296261 60310 7340 473 13 0 0 0 0 0 0 0 1 48 1279 15782 108064 455628 1263241
1422473 1895588 1790191 1195763 556841 175628 35752 4351 280 8 0 0 0 0 0 0 0 0 29 758 9356 64062 270103 748868
836015 1114074 1052130 702773 327266 103220 21012 2557 165 5 0 0 0 0 0 0 0 0 17 446 5499 37650 158745 440124
488612 651125 614922 410739 191272 60327 12281 1495 96 3 0 0 0 0 0 0 0 0 10 260 3214 22005 92779 257232
284546 379186 358103 239196 111388 35132 7152 870 56 2 0 0 0 0 0 0 0 0 6 152 1872 12815 54030 149801
20261005.010000
FACTOR
  4.441846841326E-10
0 0 0 0 0 0 0 0 0 0 0 0 0 0 0 0 0 0 0 0 0 0 0 0
0 0 0 0 0 0 0 0 0 0 0 0 0 0 0 0 0 0 0 0 0 0 0 0
5 6 6 4 2 1 0 0 0 0 0 0 0 0 0 0 0 0 0 0 0 0 1 2
3623 4828 4560 3046 1418 447 91 11 1 0 0 0 0 0 0 0 0 0 0 2 24 163 688 1907
220409 293717 277386 185281 86281 27213 5540 674 43 1 0 0 0 0 0 0 0 0 4 117 1450 9926 41852 116035
2573988 3430097 3239380 2163753 1007613 317801 64695 7874 507 14 0 0 0 0 0 0 0 1 52 1372 16930 115921 488755 1355088
10417357 13882172 13110308 8757067 4077976 1286195 261830 31867 2052 57 0 0 0 0 0 0 0 3 210 5551 68518 469151 1978074 5484265
24694213 32907510 31077819 20758514 9666791 3048909 620664 75541 4863 135 1 0 0 0 0 0 0 7 498 13159 162422 1112115 4689000 13000380
75041267 100000000 94439896 63081388 29375638 9265086 1886085 229556 14778 410 3 0 0 0 0 0 0 20 1514 39989 493572 3379518 14249027 39505814
63520179 84646998 79940536 53396501 24865596 7842617 1596515 194312 12509 347 3 0 0 0 0 0 0 17 1281 33849 417794 2860661 12061374 33440485
24077087 32085129 30301162 20239745 9425211 2972715 605153 73653 4742 131 1 0 0 0 0 0 0 6 486 12830 158363 1084323 4571819 12675491
15462991 20605983 19460269 12998540 6053139 1909162 388646 47302 3045 84 1 0 0 0 0 0 0 4 312 8240 101705 696383 2936152 8140561
10280370 13699622 12937909 8641912 4024351 1269282 258387 31448 2025 56 0 0 0 0 0 0 0 3 207 5478 67617 462981 1952063 5412147
6511389 8677077 8194623 5473621 2548947 803939 163657 19919 1282 36 0 0 0 0 0 0 0 2 131 3470 42828 293243 1236399 3427950
3993912 5322287 5026362 3357373 1563456 493114 100383 12218 787 22 0 0 0 0 0 0 0 1 81 2128 26269 179868 758374 2102613
2399525 3197607 3019817 2017095 939317 296261 60310 7340 473 13 0 0 0 0 0 0 0 1 48 1279 15782 108064 455628 1263241
1422473 1895588 1790191 1195763 556841 175628 35752 4351 280 8 0 0 0 0 0 0 0 0 29 758 9356 64062 270103 748868
836015 1114074 1052130 702773 327266 103220 21012 2557 165 5 0 0 0 0 0 0 0 0 17 446 5499 37650 158745 440124
488612 651125 614922 410739 191272 60327 12281 1495 96 3 0 0 0 0 0 0 0 0 10 260 3214 22005 92779 257232
284546 379186 358103 239196 111388 35132 7152 870 56 2 0 0 0 0 0 0 0 0 6 152 1872 12815 54030 149801
20261005.020000
FACTOR
  7.896616606801E-10
0 0 0 0 0 0 0 0 0 0 0 0 0 0 0 0 0 0 0 0 0 0 0 0
0 0 0 0 0 0 0 0 0 0 0 0 0 0 0 0 0 0 0 0 0 0 0 0
5 6 6 4 2 1 0 0 0 0 0 0 0 0 0 0 0 0 0 0 0 0 1 2
3623 4828 4560 3046 1418 447 91 11 1 0 0 0 0 0 0 0 0 0 0 2 24 163 688 1907
220409 293717 277386 185281 86281 27213 5540 674 43 1 0 0 0 0 0 0 0 0 4 117 1450 9926 41852 116035
2573988 3430097 3239380 2163753 1007613 317801 64695 7874 507 14 0 0 0 0 0 0 0 1 52 1372 16930 115921 488755 1355088
10417357 13882172 13110308 8757067 4077976 1286195 261830 31867 2052 57 0 0 0 0 0 0 0 3 210 5551 68518 469151 1978074 5484265
24694213 32907510 31077819 20758514 9666791 3048909 620664 75541 4863 135 1 0 0 0 0 0 0 7 498 13159 162422 1112115 4689000 13000380
75041267 100000000 94439896 63081388 29375638 9265086 1886085 229556 14778 410 3 0 0 0 0 0 0 20 1514 39989 493572 3379518 14249027 39505814
63520179 84646998 79940536 53396501 24865596 7842617 1596515 194312 12509 347 3 0 0 0 0 0 0 17 1281 33849 417794 2860661 12061374 33440485
24077087 32085129 30301162 20239745 9425211 2972715 605153 73653 4742 131 1 0 0 0 0 0 0 6 486 12830 158363 1084323 4571819 12675491
15462991 20605983 19460269 12998540 6053139 1909162 388646 47302 3045 84 1 0 0 0 0 0 0 4 312 8240 101705 696383 2936152 8140561
10280370 13699622 12937909 8641912 4024351 1269282 258387 31448 2025 56 0 0 0 0 0 0 0 3 207 5478 67617 462981 1952063 5412147
6511389 8677077 8194623 5473621 2548947 803939 163657 19919 1282 36 0 0 0 0 0 0 0 2 131 3470 42828 293243 1236399 3427950
3993912 5322287 5026362 3357373 1563456 493114 100383 12218 787 22 0 0 0 0 0 0 0 1 81 2128 26269 179868 758374 2102613
2399525 3197607 3019817 2017095 939317 296261 60310 7340 473 13 0 0 0 0 0 0 0 1 48 1279 15782 108064 455628 1263241
1422473 1895588 1790191 1195763 556841 175628 35752 4351 280 8 0 0 0 0 0 0 0 0 29 758 9356 64062 270103 748868
836015 1114074 1052130 702773 327266 103220 21012 2557 165 5 0 0 0 0 0 0 0 0 17 446 5499 37650 158745 440124
488612 651125 614922 410739 191272 60327 12281 1495 96 3 0 0 0 0 0 0 0 0 10 260 3214 22005 92779 257232
284546 379186 358103 239196 111388 35132 7152 870 56 2 0 0 0 0 0 0 0 0 6 152 1872 12815 54030 149801
