SWAN   1                                Swan standard spectral file, version
$   Test data in SWAN format for REEF3D::Spectral, written by a script: JONSWAP Hs 1.2 m Tp 9 s, from 250 deg nautical, cos^16 spreading
$   Architect: Hans Bihs
LOCATIONS                               locations in x-y-space
     1                                  number of locations
        0.0000      100.0000
AFREQ                                   absolute frequencies in Hz
    30                                  number of frequencies
    0.0400
    0.0440
    0.0484
    0.0532
    0.0586
    0.0644
    0.0709
    0.0779
    0.0857
    0.0943
    0.1037
    0.1141
    0.1255
    0.1381
    0.1519
    0.1671
    0.1838
    0.2022
    0.2224
    0.2446
    0.2691
    0.2960
    0.3256
    0.3582
    0.3940
    0.4334
    0.4767
    0.5244
    0.5768
    0.6345
NDIR                                    spectral nautical directions in degr
    36                                  number of directions
    5.0000
   15.0000
   25.0000
   35.0000
   45.0000
   55.0000
   65.0000
   75.0000
   85.0000
   95.0000
  105.0000
  115.0000
  125.0000
  135.0000
  145.0000
  155.0000
  165.0000
  175.0000
  185.0000
  195.0000
  205.0000
  215.0000
  225.0000
  235.0000
  245.0000
  255.0000
  265.0000
  275.0000
  285.0000
  295.0000
  305.0000
  315.0000
  325.0000
  335.0000
  345.0000
  355.0000
QUANT
     1                                  number of quantities in table
VaDens                                  variance densities in m2/Hz/degr
m2/Hz/degr                              unit
   -0.9900E+02                          exception value
FACTOR
    3.33562474E-06
    0     0     0     0     0     0     0     0     0     0     0     0     0     0     0     0     0     0     0     0     0     0     0     0     0     0     0     0     0     0     0     0     0     0     0     0
    0     0     0     0     0     0     0     0     0     0     0     0     0     0     0     0     0     0     0     0     0     0     0     0     0     0     0     0     0     0     0     0     0     0     0     0
    0     0     0     0     0     0     0     0     0     0     0     0     0     0     0     0     0     0     0     0     0     0     0     0     0     0     0     0     0     0     0     0     0     0     0     0
    0     0     0     0     0     0     0     0     0     0     0     0     0     0     0     0     0     0     0     0     0     0     0     0     0     0     0     0     0     0     0     0     0     0     0     0
    0     0     0     0     0     0     0     0     0     0     0     0     0     0     0     0     0     0     0     0     0     0     0     0     0     0     0     0     0     0     0     0     0     0     0     0
    0     0     0     0     0     0     0     0     0     0     0     0     0     0     0     0     0     0     0     0     1     1     2     2     3     3     2     2     1     1     0     0     0     0     0     0
    0     0     0     0     0     0     0     0     0     0     0     0     0     0     0     0     0     1     4     8    16    26    38    49    55    55    49    38    26    16     8     4     1     0     0     0
    0     0     0     0     0     0     0     0     0     0     0     0     0     0     0     1     3     9    25    56   107   179   260   332   376   376   332   260   179   107    56    25     9     3     1     0
    0     0     0     0     0     0     0     0     0     0     0     0     0     0     0     2     9    30    80   179   344   573   833  1065  1204  1204  1065   833   573   344   179    80    30     9     2     0
    0     0     0     0     0     0     0     0     0     0     0     0     0     0     1     5    20    64   170   380   730  1214  1765  2258  2551  2551  2258  1765  1214   730   380   170    64    20     5     1
    0     0     0     0     0     0     0     0     0     0     0     0     0     0     2    12    50   162   432   967  1856  3086  4488  5741  6488  6488  5741  4488  3086  1856   967   432   162    50    12     2
    0     0     0     0     0     0     0     0     0     0     0     0     0     0     4    19    77   248   659  1476  2832  4710  6849  8762  9901  9901  8762  6849  4710  2832  1476   659   248    77    19     4
    0     0     0     0     0     0     0     0     0     0     0     0     0     0     2     8    33   107   285   638  1223  2034  2957  3784  4276  4276  3784  2957  2034  1223   638   285   107    33     8     2
    0     0     0     0     0     0     0     0     0     0     0     0     0     0     1     4    18    57   152   342   655  1090  1585  2028  2291  2291  2028  1585  1090   655   342   152    57    18     4     1
    0     0     0     0     0     0     0     0     0     0     0     0     0     0     1     3    13    41   108   243   466   775  1126  1441  1628  1628  1441  1126   775   466   243   108    41    13     3     1
    0     0     0     0     0     0     0     0     0     0     0     0     0     0     0     2     9    28    75   169   324   539   783  1002  1132  1132  1002   783   539   324   169    75    28     9     2     0
    0     0     0     0     0     0     0     0     0     0     0     0     0     0     0     1     6    19    51   113   217   361   525   672   760   760   672   525   361   217   113    51    19     6     1     0
    0     0     0     0     0     0     0     0     0     0     0     0     0     0     0     1     4    12    33    74   142   237   344   440   497   497   440   344   237   142    74    33    12     4     1     0
    0     0     0     0     0     0     0     0     0     0     0     0     0     0     0     1     2     8    21    48    92   152   221   283   320   320   283   221   152    92    48    21     8     2     1     0
    0     0     0     0     0     0     0     0     0     0     0     0     0     0     0     0     2     5    14    30    58    97   141   180   204   204   180   141    97    58    30    14     5     2     0     0
    0     0     0     0     0     0     0     0     0     0     0     0     0     0     0     0     1     3     9    19    37    61    89   114   129   129   114    89    61    37    19     9     3     1     0     0
    0     0     0     0     0     0     0     0     0     0     0     0     0     0     0     0     1     2     5    12    23    38    56    72    81    81    72    56    38    23    12     5     2     1     0     0
    0     0     0     0     0     0     0     0     0     0     0     0     0     0     0     0     0     1     3     8    14    24    35    45    51    51    45    35    24    14     8     3     1     0     0     0
    0     0     0     0     0     0     0     0     0     0     0     0     0     0     0     0     0     1     2     5     9    15    22    28    32    32    28    22    15     9     5     2     1     0     0     0
    0     0     0     0     0     0     0     0     0     0     0     0     0     0     0     0     0     0     1     3     6     9    14    17    20    20    17    14     9     6     3     1     0     0     0     0
    0     0     0     0     0     0     0     0     0     0     0     0     0     0     0     0     0     0     1     2     4     6     8    11    12    12    11     8     6     4     2     1     0     0     0     0
    0     0     0     0     0     0     0     0     0     0     0     0     0     0     0     0     0     0     1     1     2     4     5     7     8     8     7     5     4     2     1     1     0     0     0     0
    0     0     0     0     0     0     0     0     0     0     0     0     0     0     0     0     0     0     0     1     1     2     3     4     5     5     4     3     2     1     1     0     0     0     0     0
    0     0     0     0     0     0     0     0     0     0     0     0     0     0     0     0     0     0     0     0     1     1     2     3     3     3     3     2     1     1     0     0     0     0     0     0
    0     0     0     0     0     0     0     0     0     0     0     0     0     0     0     0     0     0     0     0     1     1     1     2     2     2     2     1     1     1     0     0     0     0     0     0
