regression: breakwater x = 420-480 m, y <= 750 m (bed level z)
101 101
0 0 15 15
-20.00 -20.00 -20.00 -20.00 -20.00 -20.00 -20.00 -20.00 -20.00 -20.00 -20.00 -20.00 -20.00 -20.00 -20.00 -20.00 -20.00 -20.00 -20.00 -20.00 -20.00 -20.00 -20.00 -20.00 -20.00 -20.00 -20.00 -20.00 5.00 5.00 5.00 5.00 5.00 -20.00 -20.00 -20.00 -20.00 -20.00 -20.00 -20.00 -20.00 -20.00 -20.00 -20.00 -20.00 -20.00 -20.00 -20.00 -20.00 -20.00 -20.00 -20.00 -20.00 -20.00 -20.00 -20.00 -20.00 -20.00 -20.00 -20.00 -20.00 -20.00 -20.00 -20.00 -20.00 -20.00 -20.00 -20.00 -20.00 -20.00 -20.00 -20.00 -20.00 -20.00 -20.00 -20.00 -20.00 -20.00 -20.00 -20.00 -20.00 -20.00 -20.00 -20.00 -20.00 -20.00 -20.00 -20.00 -20.00 -20.00 -20.00 -20.00 -20.00 -20.00 -20.00 -20.00 -20.00 -20.00 -20.00 -20.00 -20.00
-20.00 -20.00 -20.00 -20.00 -20.00 -20.00 -20.00 -20.00 -20.00 -20.00 -20.00 -20.00 -20.00 -20.00 -20.00 -20.00 -20.00 -20.00 -20.00 -20.00 -20.00 -20.00 -20.00 -20.00 -20.00 -20.00 -20.00 -20.00 5.00 5.00 5.00 5.00 5.00 -20.00 -20.00 -20.00 -20.00 -20.00 -20.00 -20.00 -20.00 -20.00 -20.00 -20.00 -20.00 -20.00 -20.00 -20.00 -20.00 -20.00 -20.00 -20.00 -20.00 -20.00 -20.00 -20.00 -20.00 -20.00 -20.00 -20.00 -20.00 -20.00 -20.00 -20.00 -20.00 -20.00 -20.00 -20.00 -20.00 -20.00 -20.00 -20.00 -20.00 -20.00 -20.00 -20.00 -20.00 -20.00 -20.00 -20.00 -20.00 -20.00 -20.00 -20.00 -20.00 -20.00 -20.00 -20.00 -20.00 -20.00 -20.00 -20.00 -20.00 -20.00 -20.00 -20.00 -20.00 -20.00 -20.00 -20.00 -20.00
-20.00 -20.00 -20.00 -20.00 -20.00 -20.00 -20.00 -20.00 -20.00 -20.00 -20.00 -20.00 -20.00 -20.00 -20.00 -20.00 -20.00 -20.00 -20.00 -20.00 -20.00 -20.00 -20.00 -20.00 -20.00 -20.00 -20.00 -20.00 5.00 5.00 5.00 5.00 5.00 -20.00 -20.00 -20.00 -20.00 -20.00 -20.00 -20.00 -20.00 -20.00 -20.00 -20.00 -20.00 -20.00 -20.00 -20.00 -20.00 -20.00 -20.00 -20.00 -20.00 -20.00 -20.00 -20.00 -20.00 -20.00 -20.00 -20.00 -20.00 -20.00 -20.00 -20.00 -20.00 -20.00 -20.00 -20.00 -20.00 -20.00 -20.00 -20.00 -20.00 -20.00 -20.00 -20.00 -20.00 -20.00 -20.00 -20.00 -20.00 -20.00 -20.00 -20.00 -20.00 -20.00 -20.00 -20.00 -20.00 -20.00 -20.00 -20.00 -20.00 -20.00 -20.00 -20.00 -20.00 -20.00 -20.00 -20.00 -20.00
-20.00 -20.00 -20.00 -20.00 -20.00 -20.00 -20.00 -20.00 -20.00 -20.00 -20.00 -20.00 -20.00 -20.00 -20.00 -20.00 -20.00 -20.00 -20.00 -20.00 -20.00 -20.00 -20.00 -20.00 -20.00 -20.00 -20.00 -20.00 5.00 5.00 5.00 5.00 5.00 -20.00 -20.00 -20.00 -20.00 -20.00 -20.00 -20.00 -20.00 -20.00 -20.00 -20.00 -20.00 -20.00 -20.00 -20.00 -20.00 -20.00 -20.00 -20.00 -20.00 -20.00 -20.00 -20.00 -20.00 -20.00 -20.00 -20.00 -20.00 -20.00 -20.00 -20.00 -20.00 -20.00 -20.00 -20.00 -20.00 -20.00 -20.00 -20.00 -20.00 -20.00 -20.00 -20.00 -20.00 -20.00 -20.00 -20.00 -20.00 -20.00 -20.00 -20.00 -20.00 -20.00 -20.00 -20.00 -20.00 -20.00 -20.00 -20.00 -20.00 -20.00 -20.00 -20.00 -20.00 -20.00 -20.00 -20.00 -20.00
-20.00 -20.00 -20.00 -20.00 -20.00 -20.00 -20.00 -20.00 -20.00 -20.00 -20.00 -20.00 -20.00 -20.00 -20.00 -20.00 -20.00 -20.00 -20.00 -20.00 -20.00 -20.00 -20.00 -20.00 -20.00 -20.00 -20.00 -20.00 5.00 5.00 5.00 5.00 5.00 -20.00 -20.00 -20.00 -20.00 -20.00 -20.00 -20.00 -20.00 -20.00 -20.00 -20.00 -20.00 -20.00 -20.00 -20.00 -20.00 -20.00 -20.00 -20.00 -20.00 -20.00 -20.00 -20.00 -20.00 -20.00 -20.00 -20.00 -20.00 -20.00 -20.00 -20.00 -20.00 -20.00 -20.00 -20.00 -20.00 -20.00 -20.00 -20.00 -20.00 -20.00 -20.00 -20.00 -20.00 -20.00 -20.00 -20.00 -20.00 -20.00 -20.00 -20.00 -20.00 -20.00 -20.00 -20.00 -20.00 -20.00 -20.00 -20.00 -20.00 -20.00 -20.00 -20.00 -20.00 -20.00 -20.00 -20.00 -20.00
-20.00 -20.00 -20.00 -20.00 -20.00 -20.00 -20.00 -20.00 -20.00 -20.00 -20.00 -20.00 -20.00 -20.00 -20.00 -20.00 -20.00 -20.00 -20.00 -20.00 -20.00 -20.00 -20.00 -20.00 -20.00 -20.00 -20.00 -20.00 5.00 5.00 5.00 5.00 5.00 -20.00 -20.00 -20.00 -20.00 -20.00 -20.00 -20.00 -20.00 -20.00 -20.00 -20.00 -20.00 -20.00 -20.00 -20.00 -20.00 -20.00 -20.00 -20.00 -20.00 -20.00 -20.00 -20.00 -20.00 -20.00 -20.00 -20.00 -20.00 -20.00 -20.00 -20.00 -20.00 -20.00 -20.00 -20.00 -20.00 -20.00 -20.00 -20.00 -20.00 -20.00 -20.00 -20.00 -20.00 -20.00 -20.00 -20.00 -20.00 -20.00 -20.00 -20.00 -20.00 -20.00 -20.00 -20.00 -20.00 -20.00 -20.00 -20.00 -20.00 -20.00 -20.00 -20.00 -20.00 -20.00 -20.00 -20.00 -20.00
-20.00 -20.00 -20.00 -20.00 -20.00 -20.00 -20.00 -20.00 -20.00 -20.00 -20.00 -20.00 -20.00 -20.00 -20.00 -20.00 -20.00 -20.00 -20.00 -20.00 -20.00 -20.00 -20.00 -20.00 -20.00 -20.00 -20.00 -20.00 5.00 5.00 5.00 5.00 5.00 -20.00 -20.00 -20.00 -20.00 -20.00 -20.00 -20.00 -20.00 -20.00 -20.00 -20.00 -20.00 -20.00 -20.00 -20.00 -20.00 -20.00 -20.00 -20.00 -20.00 -20.00 -20.00 -20.00 -20.00 -20.00 -20.00 -20.00 -20.00 -20.00 -20.00 -20.00 -20.00 -20.00 -20.00 -20.00 -20.00 -20.00 -20.00 -20.00 -20.00 -20.00 -20.00 -20.00 -20.00 -20.00 -20.00 -20.00 -20.00 -20.00 -20.00 -20.00 -20.00 -20.00 -20.00 -20.00 -20.00 -20.00 -20.00 -20.00 -20.00 -20.00 -20.00 -20.00 -20.00 -20.00 -20.00 -20.00 -20.00
-20.00 -20.00 -20.00 -20.00 -20.00 -20.00 -20.00 -20.00 -20.00 -20.00 -20.00 -20.00 -20.00 -20.00 -20.00 -20.00 -20.00 -20.00 -20.00 -20.00 -20.00 -20.00 -20.00 -20.00 -20.00 -20.00 -20.00 -20.00 5.00 5.00 5.00 5.00 5.00 -20.00 -20.00 -20.00 -20.00 -20.00 -20.00 -20.00 -20.00 -20.00 -20.00 -20.00 -20.00 -20.00 -20.00 -20.00 -20.00 -20.00 -20.00 -20.00 -20.00 -20.00 -20.00 -20.00 -20.00 -20.00 -20.00 -20.00 -20.00 -20.00 -20.00 -20.00 -20.00 -20.00 -20.00 -20.00 -20.00 -20.00 -20.00 -20.00 -20.00 -20.00 -20.00 -20.00 -20.00 -20.00 -20.00 -20.00 -20.00 -20.00 -20.00 -20.00 -20.00 -20.00 -20.00 -20.00 -20.00 -20.00 -20.00 -20.00 -20.00 -20.00 -20.00 -20.00 -20.00 -20.00 -20.00 -20.00 -20.00
-20.00 -20.00 -20.00 -20.00 -20.00 -20.00 -20.00 -20.00 -20.00 -20.00 -20.00 -20.00 -20.00 -20.00 -20.00 -20.00 -20.00 -20.00 -20.00 -20.00 -20.00 -20.00 -20.00 -20.00 -20.00 -20.00 -20.00 -20.00 5.00 5.00 5.00 5.00 5.00 -20.00 -20.00 -20.00 -20.00 -20.00 -20.00 -20.00 -20.00 -20.00 -20.00 -20.00 -20.00 -20.00 -20.00 -20.00 -20.00 -20.00 -20.00 -20.00 -20.00 -20.00 -20.00 -20.00 -20.00 -20.00 -20.00 -20.00 -20.00 -20.00 -20.00 -20.00 -20.00 -20.00 -20.00 -20.00 -20.00 -20.00 -20.00 -20.00 -20.00 -20.00 -20.00 -20.00 -20.00 -20.00 -20.00 -20.00 -20.00 -20.00 -20.00 -20.00 -20.00 -20.00 -20.00 -20.00 -20.00 -20.00 -20.00 -20.00 -20.00 -20.00 -20.00 -20.00 -20.00 -20.00 -20.00 -20.00 -20.00
-20.00 -20.00 -20.00 -20.00 -20.00 -20.00 -20.00 -20.00 -20.00 -20.00 -20.00 -20.00 -20.00 -20.00 -20.00 -20.00 -20.00 -20.00 -20.00 -20.00 -20.00 -20.00 -20.00 -20.00 -20.00 -20.00 -20.00 -20.00 5.00 5.00 5.00 5.00 5.00 -20.00 -20.00 -20.00 -20.00 -20.00 -20.00 -20.00 -20.00 -20.00 -20.00 -20.00 -20.00 -20.00 -20.00 -20.00 -20.00 -20.00 -20.00 -20.00 -20.00 -20.00 -20.00 -20.00 -20.00 -20.00 -20.00 -20.00 -20.00 -20.00 -20.00 -20.00 -20.00 -20.00 -20.00 -20.00 -20.00 -20.00 -20.00 -20.00 -20.00 -20.00 -20.00 -20.00 -20.00 -20.00 -20.00 -20.00 -20.00 -20.00 -20.00 -20.00 -20.00 -20.00 -20.00 -20.00 -20.00 -20.00 -20.00 -20.00 -20.00 -20.00 -20.00 -20.00 -20.00 -20.00 -20.00 -20.00 -20.00
-20.00 -20.00 -20.00 -20.00 -20.00 -20.00 -20.00 -20.00 -20.00 -20.00 -20.00 -20.00 -20.00 -20.00 -20.00 -20.00 -20.00 -20.00 -20.00 -20.00 -20.00 -20.00 -20.00 -20.00 -20.00 -20.00 -20.00 -20.00 5.00 5.00 5.00 5.00 5.00 -20.00 -20.00 -20.00 -20.00 -20.00 -20.00 -20.00 -20.00 -20.00 -20.00 -20.00 -20.00 -20.00 -20.00 -20.00 -20.00 -20.00 -20.00 -20.00 -20.00 -20.00 -20.00 -20.00 -20.00 -20.00 -20.00 -20.00 -20.00 -20.00 -20.00 -20.00 -20.00 -20.00 -20.00 -20.00 -20.00 -20.00 -20.00 -20.00 -20.00 -20.00 -20.00 -20.00 -20.00 -20.00 -20.00 -20.00 -20.00 -20.00 -20.00 -20.00 -20.00 -20.00 -20.00 -20.00 -20.00 -20.00 -20.00 -20.00 -20.00 -20.00 -20.00 -20.00 -20.00 -20.00 -20.00 -20.00 -20.00
-20.00 -20.00 -20.00 -20.00 -20.00 -20.00 -20.00 -20.00 -20.00 -20.00 -20.00 -20.00 -20.00 -20.00 -20.00 -20.00 -20.00 -20.00 -20.00 -20.00 -20.00 -20.00 -20.00 -20.00 -20.00 -20.00 -20.00 -20.00 5.00 5.00 5.00 5.00 5.00 -20.00 -20.00 -20.00 -20.00 -20.00 -20.00 -20.00 -20.00 -20.00 -20.00 -20.00 -20.00 -20.00 -20.00 -20.00 -20.00 -20.00 -20.00 -20.00 -20.00 -20.00 -20.00 -20.00 -20.00 -20.00 -20.00 -20.00 -20.00 -20.00 -20.00 -20.00 -20.00 -20.00 -20.00 -20.00 -20.00 -20.00 -20.00 -20.00 -20.00 -20.00 -20.00 -20.00 -20.00 -20.00 -20.00 -20.00 -20.00 -20.00 -20.00 -20.00 -20.00 -20.00 -20.00 -20.00 -20.00 -20.00 -20.00 -20.00 -20.00 -20.00 -20.00 -20.00 -20.00 -20.00 -20.00 -20.00 -20.00
-20.00 -20.00 -20.00 -20.00 -20.00 -20.00 -20.00 -20.00 -20.00 -20.00 -20.00 -20.00 -20.00 -20.00 -20.00 -20.00 -20.00 -20.00 -20.00 -20.00 -20.00 -20.00 -20.00 -20.00 -20.00 -20.00 -20.00 -20.00 5.00 5.00 5.00 5.00 5.00 -20.00 -20.00 -20.00 -20.00 -20.00 -20.00 -20.00 -20.00 -20.00 -20.00 -20.00 -20.00 -20.00 -20.00 -20.00 -20.00 -20.00 -20.00 -20.00 -20.00 -20.00 -20.00 -20.00 -20.00 -20.00 -20.00 -20.00 -20.00 -20.00 -20.00 -20.00 -20.00 -20.00 -20.00 -20.00 -20.00 -20.00 -20.00 -20.00 -20.00 -20.00 -20.00 -20.00 -20.00 -20.00 -20.00 -20.00 -20.00 -20.00 -20.00 -20.00 -20.00 -20.00 -20.00 -20.00 -20.00 -20.00 -20.00 -20.00 -20.00 -20.00 -20.00 -20.00 -20.00 -20.00 -20.00 -20.00 -20.00
-20.00 -20.00 -20.00 -20.00 -20.00 -20.00 -20.00 -20.00 -20.00 -20.00 -20.00 -20.00 -20.00 -20.00 -20.00 -20.00 -20.00 -20.00 -20.00 -20.00 -20.00 -20.00 -20.00 -20.00 -20.00 -20.00 -20.00 -20.00 5.00 5.00 5.00 5.00 5.00 -20.00 -20.00 -20.00 -20.00 -20.00 -20.00 -20.00 -20.00 -20.00 -20.00 -20.00 -20.00 -20.00 -20.00 -20.00 -20.00 -20.00 -20.00 -20.00 -20.00 -20.00 -20.00 -20.00 -20.00 -20.00 -20.00 -20.00 -20.00 -20.00 -20.00 -20.00 -20.00 -20.00 -20.00 -20.00 -20.00 -20.00 -20.00 -20.00 -20.00 -20.00 -20.00 -20.00 -20.00 -20.00 -20.00 -20.00 -20.00 -20.00 -20.00 -20.00 -20.00 -20.00 -20.00 -20.00 -20.00 -20.00 -20.00 -20.00 -20.00 -20.00 -20.00 -20.00 -20.00 -20.00 -20.00 -20.00 -20.00
-20.00 -20.00 -20.00 -20.00 -20.00 -20.00 -20.00 -20.00 -20.00 -20.00 -20.00 -20.00 -20.00 -20.00 -20.00 -20.00 -20.00 -20.00 -20.00 -20.00 -20.00 -20.00 -20.00 -20.00 -20.00 -20.00 -20.00 -20.00 5.00 5.00 5.00 5.00 5.00 -20.00 -20.00 -20.00 -20.00 -20.00 -20.00 -20.00 -20.00 -20.00 -20.00 -20.00 -20.00 -20.00 -20.00 -20.00 -20.00 -20.00 -20.00 -20.00 -20.00 -20.00 -20.00 -20.00 -20.00 -20.00 -20.00 -20.00 -20.00 -20.00 -20.00 -20.00 -20.00 -20.00 -20.00 -20.00 -20.00 -20.00 -20.00 -20.00 -20.00 -20.00 -20.00 -20.00 -20.00 -20.00 -20.00 -20.00 -20.00 -20.00 -20.00 -20.00 -20.00 -20.00 -20.00 -20.00 -20.00 -20.00 -20.00 -20.00 -20.00 -20.00 -20.00 -20.00 -20.00 -20.00 -20.00 -20.00 -20.00
-20.00 -20.00 -20.00 -20.00 -20.00 -20.00 -20.00 -20.00 -20.00 -20.00 -20.00 -20.00 -20.00 -20.00 -20.00 -20.00 -20.00 -20.00 -20.00 -20.00 -20.00 -20.00 -20.00 -20.00 -20.00 -20.00 -20.00 -20.00 5.00 5.00 5.00 5.00 5.00 -20.00 -20.00 -20.00 -20.00 -20.00 -20.00 -20.00 -20.00 -20.00 -20.00 -20.00 -20.00 -20.00 -20.00 -20.00 -20.00 -20.00 -20.00 -20.00 -20.00 -20.00 -20.00 -20.00 -20.00 -20.00 -20.00 -20.00 -20.00 -20.00 -20.00 -20.00 -20.00 -20.00 -20.00 -20.00 -20.00 -20.00 -20.00 -20.00 -20.00 -20.00 -20.00 -20.00 -20.00 -20.00 -20.00 -20.00 -20.00 -20.00 -20.00 -20.00 -20.00 -20.00 -20.00 -20.00 -20.00 -20.00 -20.00 -20.00 -20.00 -20.00 -20.00 -20.00 -20.00 -20.00 -20.00 -20.00 -20.00
-20.00 -20.00 -20.00 -20.00 -20.00 -20.00 -20.00 -20.00 -20.00 -20.00 -20.00 -20.00 -20.00 -20.00 -20.00 -20.00 -20.00 -20.00 -20.00 -20.00 -20.00 -20.00 -20.00 -20.00 -20.00 -20.00 -20.00 -20.00 5.00 5.00 5.00 5.00 5.00 -20.00 -20.00 -20.00 -20.00 -20.00 -20.00 -20.00 -20.00 -20.00 -20.00 -20.00 -20.00 -20.00 -20.00 -20.00 -20.00 -20.00 -20.00 -20.00 -20.00 -20.00 -20.00 -20.00 -20.00 -20.00 -20.00 -20.00 -20.00 -20.00 -20.00 -20.00 -20.00 -20.00 -20.00 -20.00 -20.00 -20.00 -20.00 -20.00 -20.00 -20.00 -20.00 -20.00 -20.00 -20.00 -20.00 -20.00 -20.00 -20.00 -20.00 -20.00 -20.00 -20.00 -20.00 -20.00 -20.00 -20.00 -20.00 -20.00 -20.00 -20.00 -20.00 -20.00 -20.00 -20.00 -20.00 -20.00 -20.00
-20.00 -20.00 -20.00 -20.00 -20.00 -20.00 -20.00 -20.00 -20.00 -20.00 -20.00 -20.00 -20.00 -20.00 -20.00 -20.00 -20.00 -20.00 -20.00 -20.00 -20.00 -20.00 -20.00 -20.00 -20.00 -20.00 -20.00 -20.00 5.00 5.00 5.00 5.00 5.00 -20.00 -20.00 -20.00 -20.00 -20.00 -20.00 -20.00 -20.00 -20.00 -20.00 -20.00 -20.00 -20.00 -20.00 -20.00 -20.00 -20.00 -20.00 -20.00 -20.00 -20.00 -20.00 -20.00 -20.00 -20.00 -20.00 -20.00 -20.00 -20.00 -20.00 -20.00 -20.00 -20.00 -20.00 -20.00 -20.00 -20.00 -20.00 -20.00 -20.00 -20.00 -20.00 -20.00 -20.00 -20.00 -20.00 -20.00 -20.00 -20.00 -20.00 -20.00 -20.00 -20.00 -20.00 -20.00 -20.00 -20.00 -20.00 -20.00 -20.00 -20.00 -20.00 -20.00 -20.00 -20.00 -20.00 -20.00 -20.00
-20.00 -20.00 -20.00 -20.00 -20.00 -20.00 -20.00 -20.00 -20.00 -20.00 -20.00 -20.00 -20.00 -20.00 -20.00 -20.00 -20.00 -20.00 -20.00 -20.00 -20.00 -20.00 -20.00 -20.00 -20.00 -20.00 -20.00 -20.00 5.00 5.00 5.00 5.00 5.00 -20.00 -20.00 -20.00 -20.00 -20.00 -20.00 -20.00 -20.00 -20.00 -20.00 -20.00 -20.00 -20.00 -20.00 -20.00 -20.00 -20.00 -20.00 -20.00 -20.00 -20.00 -20.00 -20.00 -20.00 -20.00 -20.00 -20.00 -20.00 -20.00 -20.00 -20.00 -20.00 -20.00 -20.00 -20.00 -20.00 -20.00 -20.00 -20.00 -20.00 -20.00 -20.00 -20.00 -20.00 -20.00 -20.00 -20.00 -20.00 -20.00 -20.00 -20.00 -20.00 -20.00 -20.00 -20.00 -20.00 -20.00 -20.00 -20.00 -20.00 -20.00 -20.00 -20.00 -20.00 -20.00 -20.00 -20.00 -20.00
-20.00 -20.00 -20.00 -20.00 -20.00 -20.00 -20.00 -20.00 -20.00 -20.00 -20.00 -20.00 -20.00 -20.00 -20.00 -20.00 -20.00 -20.00 -20.00 -20.00 -20.00 -20.00 -20.00 -20.00 -20.00 -20.00 -20.00 -20.00 5.00 5.00 5.00 5.00 5.00 -20.00 -20.00 -20.00 -20.00 -20.00 -20.00 -20.00 -20.00 -20.00 -20.00 -20.00 -20.00 -20.00 -20.00 -20.00 -20.00 -20.00 -20.00 -20.00 -20.00 -20.00 -20.00 -20.00 -20.00 -20.00 -20.00 -20.00 -20.00 -20.00 -20.00 -20.00 -20.00 -20.00 -20.00 -20.00 -20.00 -20.00 -20.00 -20.00 -20.00 -20.00 -20.00 -20.00 -20.00 -20.00 -20.00 -20.00 -20.00 -20.00 -20.00 -20.00 -20.00 -20.00 -20.00 -20.00 -20.00 -20.00 -20.00 -20.00 -20.00 -20.00 -20.00 -20.00 -20.00 -20.00 -20.00 -20.00 -20.00
-20.00 -20.00 -20.00 -20.00 -20.00 -20.00 -20.00 -20.00 -20.00 -20.00 -20.00 -20.00 -20.00 -20.00 -20.00 -20.00 -20.00 -20.00 -20.00 -20.00 -20.00 -20.00 -20.00 -20.00 -20.00 -20.00 -20.00 -20.00 5.00 5.00 5.00 5.00 5.00 -20.00 -20.00 -20.00 -20.00 -20.00 -20.00 -20.00 -20.00 -20.00 -20.00 -20.00 -20.00 -20.00 -20.00 -20.00 -20.00 -20.00 -20.00 -20.00 -20.00 -20.00 -20.00 -20.00 -20.00 -20.00 -20.00 -20.00 -20.00 -20.00 -20.00 -20.00 -20.00 -20.00 -20.00 -20.00 -20.00 -20.00 -20.00 -20.00 -20.00 -20.00 -20.00 -20.00 -20.00 -20.00 -20.00 -20.00 -20.00 -20.00 -20.00 -20.00 -20.00 -20.00 -20.00 -20.00 -20.00 -20.00 -20.00 -20.00 -20.00 -20.00 -20.00 -20.00 -20.00 -20.00 -20.00 -20.00 -20.00
-20.00 -20.00 -20.00 -20.00 -20.00 -20.00 -20.00 -20.00 -20.00 -20.00 -20.00 -20.00 -20.00 -20.00 -20.00 -20.00 -20.00 -20.00 -20.00 -20.00 -20.00 -20.00 -20.00 -20.00 -20.00 -20.00 -20.00 -20.00 5.00 5.00 5.00 5.00 5.00 -20.00 -20.00 -20.00 -20.00 -20.00 -20.00 -20.00 -20.00 -20.00 -20.00 -20.00 -20.00 -20.00 -20.00 -20.00 -20.00 -20.00 -20.00 -20.00 -20.00 -20.00 -20.00 -20.00 -20.00 -20.00 -20.00 -20.00 -20.00 -20.00 -20.00 -20.00 -20.00 -20.00 -20.00 -20.00 -20.00 -20.00 -20.00 -20.00 -20.00 -20.00 -20.00 -20.00 -20.00 -20.00 -20.00 -20.00 -20.00 -20.00 -20.00 -20.00 -20.00 -20.00 -20.00 -20.00 -20.00 -20.00 -20.00 -20.00 -20.00 -20.00 -20.00 -20.00 -20.00 -20.00 -20.00 -20.00 -20.00
-20.00 -20.00 -20.00 -20.00 -20.00 -20.00 -20.00 -20.00 -20.00 -20.00 -20.00 -20.00 -20.00 -20.00 -20.00 -20.00 -20.00 -20.00 -20.00 -20.00 -20.00 -20.00 -20.00 -20.00 -20.00 -20.00 -20.00 -20.00 5.00 5.00 5.00 5.00 5.00 -20.00 -20.00 -20.00 -20.00 -20.00 -20.00 -20.00 -20.00 -20.00 -20.00 -20.00 -20.00 -20.00 -20.00 -20.00 -20.00 -20.00 -20.00 -20.00 -20.00 -20.00 -20.00 -20.00 -20.00 -20.00 -20.00 -20.00 -20.00 -20.00 -20.00 -20.00 -20.00 -20.00 -20.00 -20.00 -20.00 -20.00 -20.00 -20.00 -20.00 -20.00 -20.00 -20.00 -20.00 -20.00 -20.00 -20.00 -20.00 -20.00 -20.00 -20.00 -20.00 -20.00 -20.00 -20.00 -20.00 -20.00 -20.00 -20.00 -20.00 -20.00 -20.00 -20.00 -20.00 -20.00 -20.00 -20.00 -20.00
-20.00 -20.00 -20.00 -20.00 -20.00 -20.00 -20.00 -20.00 -20.00 -20.00 -20.00 -20.00 -20.00 -20.00 -20.00 -20.00 -20.00 -20.00 -20.00 -20.00 -20.00 -20.00 -20.00 -20.00 -20.00 -20.00 -20.00 -20.00 5.00 5.00 5.00 5.00 5.00 -20.00 -20.00 -20.00 -20.00 -20.00 -20.00 -20.00 -20.00 -20.00 -20.00 -20.00 -20.00 -20.00 -20.00 -20.00 -20.00 -20.00 -20.00 -20.00 -20.00 -20.00 -20.00 -20.00 -20.00 -20.00 -20.00 -20.00 -20.00 -20.00 -20.00 -20.00 -20.00 -20.00 -20.00 -20.00 -20.00 -20.00 -20.00 -20.00 -20.00 -20.00 -20.00 -20.00 -20.00 -20.00 -20.00 -20.00 -20.00 -20.00 -20.00 -20.00 -20.00 -20.00 -20.00 -20.00 -20.00 -20.00 -20.00 -20.00 -20.00 -20.00 -20.00 -20.00 -20.00 -20.00 -20.00 -20.00 -20.00
-20.00 -20.00 -20.00 -20.00 -20.00 -20.00 -20.00 -20.00 -20.00 -20.00 -20.00 -20.00 -20.00 -20.00 -20.00 -20.00 -20.00 -20.00 -20.00 -20.00 -20.00 -20.00 -20.00 -20.00 -20.00 -20.00 -20.00 -20.00 5.00 5.00 5.00 5.00 5.00 -20.00 -20.00 -20.00 -20.00 -20.00 -20.00 -20.00 -20.00 -20.00 -20.00 -20.00 -20.00 -20.00 -20.00 -20.00 -20.00 -20.00 -20.00 -20.00 -20.00 -20.00 -20.00 -20.00 -20.00 -20.00 -20.00 -20.00 -20.00 -20.00 -20.00 -20.00 -20.00 -20.00 -20.00 -20.00 -20.00 -20.00 -20.00 -20.00 -20.00 -20.00 -20.00 -20.00 -20.00 -20.00 -20.00 -20.00 -20.00 -20.00 -20.00 -20.00 -20.00 -20.00 -20.00 -20.00 -20.00 -20.00 -20.00 -20.00 -20.00 -20.00 -20.00 -20.00 -20.00 -20.00 -20.00 -20.00 -20.00
-20.00 -20.00 -20.00 -20.00 -20.00 -20.00 -20.00 -20.00 -20.00 -20.00 -20.00 -20.00 -20.00 -20.00 -20.00 -20.00 -20.00 -20.00 -20.00 -20.00 -20.00 -20.00 -20.00 -20.00 -20.00 -20.00 -20.00 -20.00 5.00 5.00 5.00 5.00 5.00 -20.00 -20.00 -20.00 -20.00 -20.00 -20.00 -20.00 -20.00 -20.00 -20.00 -20.00 -20.00 -20.00 -20.00 -20.00 -20.00 -20.00 -20.00 -20.00 -20.00 -20.00 -20.00 -20.00 -20.00 -20.00 -20.00 -20.00 -20.00 -20.00 -20.00 -20.00 -20.00 -20.00 -20.00 -20.00 -20.00 -20.00 -20.00 -20.00 -20.00 -20.00 -20.00 -20.00 -20.00 -20.00 -20.00 -20.00 -20.00 -20.00 -20.00 -20.00 -20.00 -20.00 -20.00 -20.00 -20.00 -20.00 -20.00 -20.00 -20.00 -20.00 -20.00 -20.00 -20.00 -20.00 -20.00 -20.00 -20.00
-20.00 -20.00 -20.00 -20.00 -20.00 -20.00 -20.00 -20.00 -20.00 -20.00 -20.00 -20.00 -20.00 -20.00 -20.00 -20.00 -20.00 -20.00 -20.00 -20.00 -20.00 -20.00 -20.00 -20.00 -20.00 -20.00 -20.00 -20.00 5.00 5.00 5.00 5.00 5.00 -20.00 -20.00 -20.00 -20.00 -20.00 -20.00 -20.00 -20.00 -20.00 -20.00 -20.00 -20.00 -20.00 -20.00 -20.00 -20.00 -20.00 -20.00 -20.00 -20.00 -20.00 -20.00 -20.00 -20.00 -20.00 -20.00 -20.00 -20.00 -20.00 -20.00 -20.00 -20.00 -20.00 -20.00 -20.00 -20.00 -20.00 -20.00 -20.00 -20.00 -20.00 -20.00 -20.00 -20.00 -20.00 -20.00 -20.00 -20.00 -20.00 -20.00 -20.00 -20.00 -20.00 -20.00 -20.00 -20.00 -20.00 -20.00 -20.00 -20.00 -20.00 -20.00 -20.00 -20.00 -20.00 -20.00 -20.00 -20.00
-20.00 -20.00 -20.00 -20.00 -20.00 -20.00 -20.00 -20.00 -20.00 -20.00 -20.00 -20.00 -20.00 -20.00 -20.00 -20.00 -20.00 -20.00 -20.00 -20.00 -20.00 -20.00 -20.00 -20.00 -20.00 -20.00 -20.00 -20.00 5.00 5.00 5.00 5.00 5.00 -20.00 -20.00 -20.00 -20.00 -20.00 -20.00 -20.00 -20.00 -20.00 -20.00 -20.00 -20.00 -20.00 -20.00 -20.00 -20.00 -20.00 -20.00 -20.00 -20.00 -20.00 -20.00 -20.00 -20.00 -20.00 -20.00 -20.00 -20.00 -20.00 -20.00 -20.00 -20.00 -20.00 -20.00 -20.00 -20.00 -20.00 -20.00 -20.00 -20.00 -20.00 -20.00 -20.00 -20.00 -20.00 -20.00 -20.00 -20.00 -20.00 -20.00 -20.00 -20.00 -20.00 -20.00 -20.00 -20.00 -20.00 -20.00 -20.00 -20.00 -20.00 -20.00 -20.00 -20.00 -20.00 -20.00 -20.00 -20.00
-20.00 -20.00 -20.00 -20.00 -20.00 -20.00 -20.00 -20.00 -20.00 -20.00 -20.00 -20.00 -20.00 -20.00 -20.00 -20.00 -20.00 -20.00 -20.00 -20.00 -20.00 -20.00 -20.00 -20.00 -20.00 -20.00 -20.00 -20.00 5.00 5.00 5.00 5.00 5.00 -20.00 -20.00 -20.00 -20.00 -20.00 -20.00 -20.00 -20.00 -20.00 -20.00 -20.00 -20.00 -20.00 -20.00 -20.00 -20.00 -20.00 -20.00 -20.00 -20.00 -20.00 -20.00 -20.00 -20.00 -20.00 -20.00 -20.00 -20.00 -20.00 -20.00 -20.00 -20.00 -20.00 -20.00 -20.00 -20.00 -20.00 -20.00 -20.00 -20.00 -20.00 -20.00 -20.00 -20.00 -20.00 -20.00 -20.00 -20.00 -20.00 -20.00 -20.00 -20.00 -20.00 -20.00 -20.00 -20.00 -20.00 -20.00 -20.00 -20.00 -20.00 -20.00 -20.00 -20.00 -20.00 -20.00 -20.00 -20.00
-20.00 -20.00 -20.00 -20.00 -20.00 -20.00 -20.00 -20.00 -20.00 -20.00 -20.00 -20.00 -20.00 -20.00 -20.00 -20.00 -20.00 -20.00 -20.00 -20.00 -20.00 -20.00 -20.00 -20.00 -20.00 -20.00 -20.00 -20.00 5.00 5.00 5.00 5.00 5.00 -20.00 -20.00 -20.00 -20.00 -20.00 -20.00 -20.00 -20.00 -20.00 -20.00 -20.00 -20.00 -20.00 -20.00 -20.00 -20.00 -20.00 -20.00 -20.00 -20.00 -20.00 -20.00 -20.00 -20.00 -20.00 -20.00 -20.00 -20.00 -20.00 -20.00 -20.00 -20.00 -20.00 -20.00 -20.00 -20.00 -20.00 -20.00 -20.00 -20.00 -20.00 -20.00 -20.00 -20.00 -20.00 -20.00 -20.00 -20.00 -20.00 -20.00 -20.00 -20.00 -20.00 -20.00 -20.00 -20.00 -20.00 -20.00 -20.00 -20.00 -20.00 -20.00 -20.00 -20.00 -20.00 -20.00 -20.00 -20.00
-20.00 -20.00 -20.00 -20.00 -20.00 -20.00 -20.00 -20.00 -20.00 -20.00 -20.00 -20.00 -20.00 -20.00 -20.00 -20.00 -20.00 -20.00 -20.00 -20.00 -20.00 -20.00 -20.00 -20.00 -20.00 -20.00 -20.00 -20.00 5.00 5.00 5.00 5.00 5.00 -20.00 -20.00 -20.00 -20.00 -20.00 -20.00 -20.00 -20.00 -20.00 -20.00 -20.00 -20.00 -20.00 -20.00 -20.00 -20.00 -20.00 -20.00 -20.00 -20.00 -20.00 -20.00 -20.00 -20.00 -20.00 -20.00 -20.00 -20.00 -20.00 -20.00 -20.00 -20.00 -20.00 -20.00 -20.00 -20.00 -20.00 -20.00 -20.00 -20.00 -20.00 -20.00 -20.00 -20.00 -20.00 -20.00 -20.00 -20.00 -20.00 -20.00 -20.00 -20.00 -20.00 -20.00 -20.00 -20.00 -20.00 -20.00 -20.00 -20.00 -20.00 -20.00 -20.00 -20.00 -20.00 -20.00 -20.00 -20.00
-20.00 -20.00 -20.00 -20.00 -20.00 -20.00 -20.00 -20.00 -20.00 -20.00 -20.00 -20.00 -20.00 -20.00 -20.00 -20.00 -20.00 -20.00 -20.00 -20.00 -20.00 -20.00 -20.00 -20.00 -20.00 -20.00 -20.00 -20.00 5.00 5.00 5.00 5.00 5.00 -20.00 -20.00 -20.00 -20.00 -20.00 -20.00 -20.00 -20.00 -20.00 -20.00 -20.00 -20.00 -20.00 -20.00 -20.00 -20.00 -20.00 -20.00 -20.00 -20.00 -20.00 -20.00 -20.00 -20.00 -20.00 -20.00 -20.00 -20.00 -20.00 -20.00 -20.00 -20.00 -20.00 -20.00 -20.00 -20.00 -20.00 -20.00 -20.00 -20.00 -20.00 -20.00 -20.00 -20.00 -20.00 -20.00 -20.00 -20.00 -20.00 -20.00 -20.00 -20.00 -20.00 -20.00 -20.00 -20.00 -20.00 -20.00 -20.00 -20.00 -20.00 -20.00 -20.00 -20.00 -20.00 -20.00 -20.00 -20.00
-20.00 -20.00 -20.00 -20.00 -20.00 -20.00 -20.00 -20.00 -20.00 -20.00 -20.00 -20.00 -20.00 -20.00 -20.00 -20.00 -20.00 -20.00 -20.00 -20.00 -20.00 -20.00 -20.00 -20.00 -20.00 -20.00 -20.00 -20.00 5.00 5.00 5.00 5.00 5.00 -20.00 -20.00 -20.00 -20.00 -20.00 -20.00 -20.00 -20.00 -20.00 -20.00 -20.00 -20.00 -20.00 -20.00 -20.00 -20.00 -20.00 -20.00 -20.00 -20.00 -20.00 -20.00 -20.00 -20.00 -20.00 -20.00 -20.00 -20.00 -20.00 -20.00 -20.00 -20.00 -20.00 -20.00 -20.00 -20.00 -20.00 -20.00 -20.00 -20.00 -20.00 -20.00 -20.00 -20.00 -20.00 -20.00 -20.00 -20.00 -20.00 -20.00 -20.00 -20.00 -20.00 -20.00 -20.00 -20.00 -20.00 -20.00 -20.00 -20.00 -20.00 -20.00 -20.00 -20.00 -20.00 -20.00 -20.00 -20.00
-20.00 -20.00 -20.00 -20.00 -20.00 -20.00 -20.00 -20.00 -20.00 -20.00 -20.00 -20.00 -20.00 -20.00 -20.00 -20.00 -20.00 -20.00 -20.00 -20.00 -20.00 -20.00 -20.00 -20.00 -20.00 -20.00 -20.00 -20.00 5.00 5.00 5.00 5.00 5.00 -20.00 -20.00 -20.00 -20.00 -20.00 -20.00 -20.00 -20.00 -20.00 -20.00 -20.00 -20.00 -20.00 -20.00 -20.00 -20.00 -20.00 -20.00 -20.00 -20.00 -20.00 -20.00 -20.00 -20.00 -20.00 -20.00 -20.00 -20.00 -20.00 -20.00 -20.00 -20.00 -20.00 -20.00 -20.00 -20.00 -20.00 -20.00 -20.00 -20.00 -20.00 -20.00 -20.00 -20.00 -20.00 -20.00 -20.00 -20.00 -20.00 -20.00 -20.00 -20.00 -20.00 -20.00 -20.00 -20.00 -20.00 -20.00 -20.00 -20.00 -20.00 -20.00 -20.00 -20.00 -20.00 -20.00 -20.00 -20.00
-20.00 -20.00 -20.00 -20.00 -20.00 -20.00 -20.00 -20.00 -20.00 -20.00 -20.00 -20.00 -20.00 -20.00 -20.00 -20.00 -20.00 -20.00 -20.00 -20.00 -20.00 -20.00 -20.00 -20.00 -20.00 -20.00 -20.00 -20.00 5.00 5.00 5.00 5.00 5.00 -20.00 -20.00 -20.00 -20.00 -20.00 -20.00 -20.00 -20.00 -20.00 -20.00 -20.00 -20.00 -20.00 -20.00 -20.00 -20.00 -20.00 -20.00 -20.00 -20.00 -20.00 -20.00 -20.00 -20.00 -20.00 -20.00 -20.00 -20.00 -20.00 -20.00 -20.00 -20.00 -20.00 -20.00 -20.00 -20.00 -20.00 -20.00 -20.00 -20.00 -20.00 -20.00 -20.00 -20.00 -20.00 -20.00 -20.00 -20.00 -20.00 -20.00 -20.00 -20.00 -20.00 -20.00 -20.00 -20.00 -20.00 -20.00 -20.00 -20.00 -20.00 -20.00 -20.00 -20.00 -20.00 -20.00 -20.00 -20.00
-20.00 -20.00 -20.00 -20.00 -20.00 -20.00 -20.00 -20.00 -20.00 -20.00 -20.00 -20.00 -20.00 -20.00 -20.00 -20.00 -20.00 -20.00 -20.00 -20.00 -20.00 -20.00 -20.00 -20.00 -20.00 -20.00 -20.00 -20.00 5.00 5.00 5.00 5.00 5.00 -20.00 -20.00 -20.00 -20.00 -20.00 -20.00 -20.00 -20.00 -20.00 -20.00 -20.00 -20.00 -20.00 -20.00 -20.00 -20.00 -20.00 -20.00 -20.00 -20.00 -20.00 -20.00 -20.00 -20.00 -20.00 -20.00 -20.00 -20.00 -20.00 -20.00 -20.00 -20.00 -20.00 -20.00 -20.00 -20.00 -20.00 -20.00 -20.00 -20.00 -20.00 -20.00 -20.00 -20.00 -20.00 -20.00 -20.00 -20.00 -20.00 -20.00 -20.00 -20.00 -20.00 -20.00 -20.00 -20.00 -20.00 -20.00 -20.00 -20.00 -20.00 -20.00 -20.00 -20.00 -20.00 -20.00 -20.00 -20.00
-20.00 -20.00 -20.00 -20.00 -20.00 -20.00 -20.00 -20.00 -20.00 -20.00 -20.00 -20.00 -20.00 -20.00 -20.00 -20.00 -20.00 -20.00 -20.00 -20.00 -20.00 -20.00 -20.00 -20.00 -20.00 -20.00 -20.00 -20.00 5.00 5.00 5.00 5.00 5.00 -20.00 -20.00 -20.00 -20.00 -20.00 -20.00 -20.00 -20.00 -20.00 -20.00 -20.00 -20.00 -20.00 -20.00 -20.00 -20.00 -20.00 -20.00 -20.00 -20.00 -20.00 -20.00 -20.00 -20.00 -20.00 -20.00 -20.00 -20.00 -20.00 -20.00 -20.00 -20.00 -20.00 -20.00 -20.00 -20.00 -20.00 -20.00 -20.00 -20.00 -20.00 -20.00 -20.00 -20.00 -20.00 -20.00 -20.00 -20.00 -20.00 -20.00 -20.00 -20.00 -20.00 -20.00 -20.00 -20.00 -20.00 -20.00 -20.00 -20.00 -20.00 -20.00 -20.00 -20.00 -20.00 -20.00 -20.00 -20.00
-20.00 -20.00 -20.00 -20.00 -20.00 -20.00 -20.00 -20.00 -20.00 -20.00 -20.00 -20.00 -20.00 -20.00 -20.00 -20.00 -20.00 -20.00 -20.00 -20.00 -20.00 -20.00 -20.00 -20.00 -20.00 -20.00 -20.00 -20.00 5.00 5.00 5.00 5.00 5.00 -20.00 -20.00 -20.00 -20.00 -20.00 -20.00 -20.00 -20.00 -20.00 -20.00 -20.00 -20.00 -20.00 -20.00 -20.00 -20.00 -20.00 -20.00 -20.00 -20.00 -20.00 -20.00 -20.00 -20.00 -20.00 -20.00 -20.00 -20.00 -20.00 -20.00 -20.00 -20.00 -20.00 -20.00 -20.00 -20.00 -20.00 -20.00 -20.00 -20.00 -20.00 -20.00 -20.00 -20.00 -20.00 -20.00 -20.00 -20.00 -20.00 -20.00 -20.00 -20.00 -20.00 -20.00 -20.00 -20.00 -20.00 -20.00 -20.00 -20.00 -20.00 -20.00 -20.00 -20.00 -20.00 -20.00 -20.00 -20.00
-20.00 -20.00 -20.00 -20.00 -20.00 -20.00 -20.00 -20.00 -20.00 -20.00 -20.00 -20.00 -20.00 -20.00 -20.00 -20.00 -20.00 -20.00 -20.00 -20.00 -20.00 -20.00 -20.00 -20.00 -20.00 -20.00 -20.00 -20.00 5.00 5.00 5.00 5.00 5.00 -20.00 -20.00 -20.00 -20.00 -20.00 -20.00 -20.00 -20.00 -20.00 -20.00 -20.00 -20.00 -20.00 -20.00 -20.00 -20.00 -20.00 -20.00 -20.00 -20.00 -20.00 -20.00 -20.00 -20.00 -20.00 -20.00 -20.00 -20.00 -20.00 -20.00 -20.00 -20.00 -20.00 -20.00 -20.00 -20.00 -20.00 -20.00 -20.00 -20.00 -20.00 -20.00 -20.00 -20.00 -20.00 -20.00 -20.00 -20.00 -20.00 -20.00 -20.00 -20.00 -20.00 -20.00 -20.00 -20.00 -20.00 -20.00 -20.00 -20.00 -20.00 -20.00 -20.00 -20.00 -20.00 -20.00 -20.00 -20.00
-20.00 -20.00 -20.00 -20.00 -20.00 -20.00 -20.00 -20.00 -20.00 -20.00 -20.00 -20.00 -20.00 -20.00 -20.00 -20.00 -20.00 -20.00 -20.00 -20.00 -20.00 -20.00 -20.00 -20.00 -20.00 -20.00 -20.00 -20.00 5.00 5.00 5.00 5.00 5.00 -20.00 -20.00 -20.00 -20.00 -20.00 -20.00 -20.00 -20.00 -20.00 -20.00 -20.00 -20.00 -20.00 -20.00 -20.00 -20.00 -20.00 -20.00 -20.00 -20.00 -20.00 -20.00 -20.00 -20.00 -20.00 -20.00 -20.00 -20.00 -20.00 -20.00 -20.00 -20.00 -20.00 -20.00 -20.00 -20.00 -20.00 -20.00 -20.00 -20.00 -20.00 -20.00 -20.00 -20.00 -20.00 -20.00 -20.00 -20.00 -20.00 -20.00 -20.00 -20.00 -20.00 -20.00 -20.00 -20.00 -20.00 -20.00 -20.00 -20.00 -20.00 -20.00 -20.00 -20.00 -20.00 -20.00 -20.00 -20.00
-20.00 -20.00 -20.00 -20.00 -20.00 -20.00 -20.00 -20.00 -20.00 -20.00 -20.00 -20.00 -20.00 -20.00 -20.00 -20.00 -20.00 -20.00 -20.00 -20.00 -20.00 -20.00 -20.00 -20.00 -20.00 -20.00 -20.00 -20.00 5.00 5.00 5.00 5.00 5.00 -20.00 -20.00 -20.00 -20.00 -20.00 -20.00 -20.00 -20.00 -20.00 -20.00 -20.00 -20.00 -20.00 -20.00 -20.00 -20.00 -20.00 -20.00 -20.00 -20.00 -20.00 -20.00 -20.00 -20.00 -20.00 -20.00 -20.00 -20.00 -20.00 -20.00 -20.00 -20.00 -20.00 -20.00 -20.00 -20.00 -20.00 -20.00 -20.00 -20.00 -20.00 -20.00 -20.00 -20.00 -20.00 -20.00 -20.00 -20.00 -20.00 -20.00 -20.00 -20.00 -20.00 -20.00 -20.00 -20.00 -20.00 -20.00 -20.00 -20.00 -20.00 -20.00 -20.00 -20.00 -20.00 -20.00 -20.00 -20.00
-20.00 -20.00 -20.00 -20.00 -20.00 -20.00 -20.00 -20.00 -20.00 -20.00 -20.00 -20.00 -20.00 -20.00 -20.00 -20.00 -20.00 -20.00 -20.00 -20.00 -20.00 -20.00 -20.00 -20.00 -20.00 -20.00 -20.00 -20.00 5.00 5.00 5.00 5.00 5.00 -20.00 -20.00 -20.00 -20.00 -20.00 -20.00 -20.00 -20.00 -20.00 -20.00 -20.00 -20.00 -20.00 -20.00 -20.00 -20.00 -20.00 -20.00 -20.00 -20.00 -20.00 -20.00 -20.00 -20.00 -20.00 -20.00 -20.00 -20.00 -20.00 -20.00 -20.00 -20.00 -20.00 -20.00 -20.00 -20.00 -20.00 -20.00 -20.00 -20.00 -20.00 -20.00 -20.00 -20.00 -20.00 -20.00 -20.00 -20.00 -20.00 -20.00 -20.00 -20.00 -20.00 -20.00 -20.00 -20.00 -20.00 -20.00 -20.00 -20.00 -20.00 -20.00 -20.00 -20.00 -20.00 -20.00 -20.00 -20.00
-20.00 -20.00 -20.00 -20.00 -20.00 -20.00 -20.00 -20.00 -20.00 -20.00 -20.00 -20.00 -20.00 -20.00 -20.00 -20.00 -20.00 -20.00 -20.00 -20.00 -20.00 -20.00 -20.00 -20.00 -20.00 -20.00 -20.00 -20.00 5.00 5.00 5.00 5.00 5.00 -20.00 -20.00 -20.00 -20.00 -20.00 -20.00 -20.00 -20.00 -20.00 -20.00 -20.00 -20.00 -20.00 -20.00 -20.00 -20.00 -20.00 -20.00 -20.00 -20.00 -20.00 -20.00 -20.00 -20.00 -20.00 -20.00 -20.00 -20.00 -20.00 -20.00 -20.00 -20.00 -20.00 -20.00 -20.00 -20.00 -20.00 -20.00 -20.00 -20.00 -20.00 -20.00 -20.00 -20.00 -20.00 -20.00 -20.00 -20.00 -20.00 -20.00 -20.00 -20.00 -20.00 -20.00 -20.00 -20.00 -20.00 -20.00 -20.00 -20.00 -20.00 -20.00 -20.00 -20.00 -20.00 -20.00 -20.00 -20.00
-20.00 -20.00 -20.00 -20.00 -20.00 -20.00 -20.00 -20.00 -20.00 -20.00 -20.00 -20.00 -20.00 -20.00 -20.00 -20.00 -20.00 -20.00 -20.00 -20.00 -20.00 -20.00 -20.00 -20.00 -20.00 -20.00 -20.00 -20.00 5.00 5.00 5.00 5.00 5.00 -20.00 -20.00 -20.00 -20.00 -20.00 -20.00 -20.00 -20.00 -20.00 -20.00 -20.00 -20.00 -20.00 -20.00 -20.00 -20.00 -20.00 -20.00 -20.00 -20.00 -20.00 -20.00 -20.00 -20.00 -20.00 -20.00 -20.00 -20.00 -20.00 -20.00 -20.00 -20.00 -20.00 -20.00 -20.00 -20.00 -20.00 -20.00 -20.00 -20.00 -20.00 -20.00 -20.00 -20.00 -20.00 -20.00 -20.00 -20.00 -20.00 -20.00 -20.00 -20.00 -20.00 -20.00 -20.00 -20.00 -20.00 -20.00 -20.00 -20.00 -20.00 -20.00 -20.00 -20.00 -20.00 -20.00 -20.00 -20.00
-20.00 -20.00 -20.00 -20.00 -20.00 -20.00 -20.00 -20.00 -20.00 -20.00 -20.00 -20.00 -20.00 -20.00 -20.00 -20.00 -20.00 -20.00 -20.00 -20.00 -20.00 -20.00 -20.00 -20.00 -20.00 -20.00 -20.00 -20.00 5.00 5.00 5.00 5.00 5.00 -20.00 -20.00 -20.00 -20.00 -20.00 -20.00 -20.00 -20.00 -20.00 -20.00 -20.00 -20.00 -20.00 -20.00 -20.00 -20.00 -20.00 -20.00 -20.00 -20.00 -20.00 -20.00 -20.00 -20.00 -20.00 -20.00 -20.00 -20.00 -20.00 -20.00 -20.00 -20.00 -20.00 -20.00 -20.00 -20.00 -20.00 -20.00 -20.00 -20.00 -20.00 -20.00 -20.00 -20.00 -20.00 -20.00 -20.00 -20.00 -20.00 -20.00 -20.00 -20.00 -20.00 -20.00 -20.00 -20.00 -20.00 -20.00 -20.00 -20.00 -20.00 -20.00 -20.00 -20.00 -20.00 -20.00 -20.00 -20.00
-20.00 -20.00 -20.00 -20.00 -20.00 -20.00 -20.00 -20.00 -20.00 -20.00 -20.00 -20.00 -20.00 -20.00 -20.00 -20.00 -20.00 -20.00 -20.00 -20.00 -20.00 -20.00 -20.00 -20.00 -20.00 -20.00 -20.00 -20.00 5.00 5.00 5.00 5.00 5.00 -20.00 -20.00 -20.00 -20.00 -20.00 -20.00 -20.00 -20.00 -20.00 -20.00 -20.00 -20.00 -20.00 -20.00 -20.00 -20.00 -20.00 -20.00 -20.00 -20.00 -20.00 -20.00 -20.00 -20.00 -20.00 -20.00 -20.00 -20.00 -20.00 -20.00 -20.00 -20.00 -20.00 -20.00 -20.00 -20.00 -20.00 -20.00 -20.00 -20.00 -20.00 -20.00 -20.00 -20.00 -20.00 -20.00 -20.00 -20.00 -20.00 -20.00 -20.00 -20.00 -20.00 -20.00 -20.00 -20.00 -20.00 -20.00 -20.00 -20.00 -20.00 -20.00 -20.00 -20.00 -20.00 -20.00 -20.00 -20.00
-20.00 -20.00 -20.00 -20.00 -20.00 -20.00 -20.00 -20.00 -20.00 -20.00 -20.00 -20.00 -20.00 -20.00 -20.00 -20.00 -20.00 -20.00 -20.00 -20.00 -20.00 -20.00 -20.00 -20.00 -20.00 -20.00 -20.00 -20.00 5.00 5.00 5.00 5.00 5.00 -20.00 -20.00 -20.00 -20.00 -20.00 -20.00 -20.00 -20.00 -20.00 -20.00 -20.00 -20.00 -20.00 -20.00 -20.00 -20.00 -20.00 -20.00 -20.00 -20.00 -20.00 -20.00 -20.00 -20.00 -20.00 -20.00 -20.00 -20.00 -20.00 -20.00 -20.00 -20.00 -20.00 -20.00 -20.00 -20.00 -20.00 -20.00 -20.00 -20.00 -20.00 -20.00 -20.00 -20.00 -20.00 -20.00 -20.00 -20.00 -20.00 -20.00 -20.00 -20.00 -20.00 -20.00 -20.00 -20.00 -20.00 -20.00 -20.00 -20.00 -20.00 -20.00 -20.00 -20.00 -20.00 -20.00 -20.00 -20.00
-20.00 -20.00 -20.00 -20.00 -20.00 -20.00 -20.00 -20.00 -20.00 -20.00 -20.00 -20.00 -20.00 -20.00 -20.00 -20.00 -20.00 -20.00 -20.00 -20.00 -20.00 -20.00 -20.00 -20.00 -20.00 -20.00 -20.00 -20.00 5.00 5.00 5.00 5.00 5.00 -20.00 -20.00 -20.00 -20.00 -20.00 -20.00 -20.00 -20.00 -20.00 -20.00 -20.00 -20.00 -20.00 -20.00 -20.00 -20.00 -20.00 -20.00 -20.00 -20.00 -20.00 -20.00 -20.00 -20.00 -20.00 -20.00 -20.00 -20.00 -20.00 -20.00 -20.00 -20.00 -20.00 -20.00 -20.00 -20.00 -20.00 -20.00 -20.00 -20.00 -20.00 -20.00 -20.00 -20.00 -20.00 -20.00 -20.00 -20.00 -20.00 -20.00 -20.00 -20.00 -20.00 -20.00 -20.00 -20.00 -20.00 -20.00 -20.00 -20.00 -20.00 -20.00 -20.00 -20.00 -20.00 -20.00 -20.00 -20.00
-20.00 -20.00 -20.00 -20.00 -20.00 -20.00 -20.00 -20.00 -20.00 -20.00 -20.00 -20.00 -20.00 -20.00 -20.00 -20.00 -20.00 -20.00 -20.00 -20.00 -20.00 -20.00 -20.00 -20.00 -20.00 -20.00 -20.00 -20.00 5.00 5.00 5.00 5.00 5.00 -20.00 -20.00 -20.00 -20.00 -20.00 -20.00 -20.00 -20.00 -20.00 -20.00 -20.00 -20.00 -20.00 -20.00 -20.00 -20.00 -20.00 -20.00 -20.00 -20.00 -20.00 -20.00 -20.00 -20.00 -20.00 -20.00 -20.00 -20.00 -20.00 -20.00 -20.00 -20.00 -20.00 -20.00 -20.00 -20.00 -20.00 -20.00 -20.00 -20.00 -20.00 -20.00 -20.00 -20.00 -20.00 -20.00 -20.00 -20.00 -20.00 -20.00 -20.00 -20.00 -20.00 -20.00 -20.00 -20.00 -20.00 -20.00 -20.00 -20.00 -20.00 -20.00 -20.00 -20.00 -20.00 -20.00 -20.00 -20.00
-20.00 -20.00 -20.00 -20.00 -20.00 -20.00 -20.00 -20.00 -20.00 -20.00 -20.00 -20.00 -20.00 -20.00 -20.00 -20.00 -20.00 -20.00 -20.00 -20.00 -20.00 -20.00 -20.00 -20.00 -20.00 -20.00 -20.00 -20.00 5.00 5.00 5.00 5.00 5.00 -20.00 -20.00 -20.00 -20.00 -20.00 -20.00 -20.00 -20.00 -20.00 -20.00 -20.00 -20.00 -20.00 -20.00 -20.00 -20.00 -20.00 -20.00 -20.00 -20.00 -20.00 -20.00 -20.00 -20.00 -20.00 -20.00 -20.00 -20.00 -20.00 -20.00 -20.00 -20.00 -20.00 -20.00 -20.00 -20.00 -20.00 -20.00 -20.00 -20.00 -20.00 -20.00 -20.00 -20.00 -20.00 -20.00 -20.00 -20.00 -20.00 -20.00 -20.00 -20.00 -20.00 -20.00 -20.00 -20.00 -20.00 -20.00 -20.00 -20.00 -20.00 -20.00 -20.00 -20.00 -20.00 -20.00 -20.00 -20.00
-20.00 -20.00 -20.00 -20.00 -20.00 -20.00 -20.00 -20.00 -20.00 -20.00 -20.00 -20.00 -20.00 -20.00 -20.00 -20.00 -20.00 -20.00 -20.00 -20.00 -20.00 -20.00 -20.00 -20.00 -20.00 -20.00 -20.00 -20.00 5.00 5.00 5.00 5.00 5.00 -20.00 -20.00 -20.00 -20.00 -20.00 -20.00 -20.00 -20.00 -20.00 -20.00 -20.00 -20.00 -20.00 -20.00 -20.00 -20.00 -20.00 -20.00 -20.00 -20.00 -20.00 -20.00 -20.00 -20.00 -20.00 -20.00 -20.00 -20.00 -20.00 -20.00 -20.00 -20.00 -20.00 -20.00 -20.00 -20.00 -20.00 -20.00 -20.00 -20.00 -20.00 -20.00 -20.00 -20.00 -20.00 -20.00 -20.00 -20.00 -20.00 -20.00 -20.00 -20.00 -20.00 -20.00 -20.00 -20.00 -20.00 -20.00 -20.00 -20.00 -20.00 -20.00 -20.00 -20.00 -20.00 -20.00 -20.00 -20.00
-20.00 -20.00 -20.00 -20.00 -20.00 -20.00 -20.00 -20.00 -20.00 -20.00 -20.00 -20.00 -20.00 -20.00 -20.00 -20.00 -20.00 -20.00 -20.00 -20.00 -20.00 -20.00 -20.00 -20.00 -20.00 -20.00 -20.00 -20.00 -20.00 -20.00 -20.00 -20.00 -20.00 -20.00 -20.00 -20.00 -20.00 -20.00 -20.00 -20.00 -20.00 -20.00 -20.00 -20.00 -20.00 -20.00 -20.00 -20.00 -20.00 -20.00 -20.00 -20.00 -20.00 -20.00 -20.00 -20.00 -20.00 -20.00 -20.00 -20.00 -20.00 -20.00 -20.00 -20.00 -20.00 -20.00 -20.00 -20.00 -20.00 -20.00 -20.00 -20.00 -20.00 -20.00 -20.00 -20.00 -20.00 -20.00 -20.00 -20.00 -20.00 -20.00 -20.00 -20.00 -20.00 -20.00 -20.00 -20.00 -20.00 -20.00 -20.00 -20.00 -20.00 -20.00 -20.00 -20.00 -20.00 -20.00 -20.00 -20.00 -20.00
-20.00 -20.00 -20.00 -20.00 -20.00 -20.00 -20.00 -20.00 -20.00 -20.00 -20.00 -20.00 -20.00 -20.00 -20.00 -20.00 -20.00 -20.00 -20.00 -20.00 -20.00 -20.00 -20.00 -20.00 -20.00 -20.00 -20.00 -20.00 -20.00 -20.00 -20.00 -20.00 -20.00 -20.00 -20.00 -20.00 -20.00 -20.00 -20.00 -20.00 -20.00 -20.00 -20.00 -20.00 -20.00 -20.00 -20.00 -20.00 -20.00 -20.00 -20.00 -20.00 -20.00 -20.00 -20.00 -20.00 -20.00 -20.00 -20.00 -20.00 -20.00 -20.00 -20.00 -20.00 -20.00 -20.00 -20.00 -20.00 -20.00 -20.00 -20.00 -20.00 -20.00 -20.00 -20.00 -20.00 -20.00 -20.00 -20.00 -20.00 -20.00 -20.00 -20.00 -20.00 -20.00 -20.00 -20.00 -20.00 -20.00 -20.00 -20.00 -20.00 -20.00 -20.00 -20.00 -20.00 -20.00 -20.00 -20.00 -20.00 -20.00
-20.00 -20.00 -20.00 -20.00 -20.00 -20.00 -20.00 -20.00 -20.00 -20.00 -20.00 -20.00 -20.00 -20.00 -20.00 -20.00 -20.00 -20.00 -20.00 -20.00 -20.00 -20.00 -20.00 -20.00 -20.00 -20.00 -20.00 -20.00 -20.00 -20.00 -20.00 -20.00 -20.00 -20.00 -20.00 -20.00 -20.00 -20.00 -20.00 -20.00 -20.00 -20.00 -20.00 -20.00 -20.00 -20.00 -20.00 -20.00 -20.00 -20.00 -20.00 -20.00 -20.00 -20.00 -20.00 -20.00 -20.00 -20.00 -20.00 -20.00 -20.00 -20.00 -20.00 -20.00 -20.00 -20.00 -20.00 -20.00 -20.00 -20.00 -20.00 -20.00 -20.00 -20.00 -20.00 -20.00 -20.00 -20.00 -20.00 -20.00 -20.00 -20.00 -20.00 -20.00 -20.00 -20.00 -20.00 -20.00 -20.00 -20.00 -20.00 -20.00 -20.00 -20.00 -20.00 -20.00 -20.00 -20.00 -20.00 -20.00 -20.00
-20.00 -20.00 -20.00 -20.00 -20.00 -20.00 -20.00 -20.00 -20.00 -20.00 -20.00 -20.00 -20.00 -20.00 -20.00 -20.00 -20.00 -20.00 -20.00 -20.00 -20.00 -20.00 -20.00 -20.00 -20.00 -20.00 -20.00 -20.00 -20.00 -20.00 -20.00 -20.00 -20.00 -20.00 -20.00 -20.00 -20.00 -20.00 -20.00 -20.00 -20.00 -20.00 -20.00 -20.00 -20.00 -20.00 -20.00 -20.00 -20.00 -20.00 -20.00 -20.00 -20.00 -20.00 -20.00 -20.00 -20.00 -20.00 -20.00 -20.00 -20.00 -20.00 -20.00 -20.00 -20.00 -20.00 -20.00 -20.00 -20.00 -20.00 -20.00 -20.00 -20.00 -20.00 -20.00 -20.00 -20.00 -20.00 -20.00 -20.00 -20.00 -20.00 -20.00 -20.00 -20.00 -20.00 -20.00 -20.00 -20.00 -20.00 -20.00 -20.00 -20.00 -20.00 -20.00 -20.00 -20.00 -20.00 -20.00 -20.00 -20.00
-20.00 -20.00 -20.00 -20.00 -20.00 -20.00 -20.00 -20.00 -20.00 -20.00 -20.00 -20.00 -20.00 -20.00 -20.00 -20.00 -20.00 -20.00 -20.00 -20.00 -20.00 -20.00 -20.00 -20.00 -20.00 -20.00 -20.00 -20.00 -20.00 -20.00 -20.00 -20.00 -20.00 -20.00 -20.00 -20.00 -20.00 -20.00 -20.00 -20.00 -20.00 -20.00 -20.00 -20.00 -20.00 -20.00 -20.00 -20.00 -20.00 -20.00 -20.00 -20.00 -20.00 -20.00 -20.00 -20.00 -20.00 -20.00 -20.00 -20.00 -20.00 -20.00 -20.00 -20.00 -20.00 -20.00 -20.00 -20.00 -20.00 -20.00 -20.00 -20.00 -20.00 -20.00 -20.00 -20.00 -20.00 -20.00 -20.00 -20.00 -20.00 -20.00 -20.00 -20.00 -20.00 -20.00 -20.00 -20.00 -20.00 -20.00 -20.00 -20.00 -20.00 -20.00 -20.00 -20.00 -20.00 -20.00 -20.00 -20.00 -20.00
-20.00 -20.00 -20.00 -20.00 -20.00 -20.00 -20.00 -20.00 -20.00 -20.00 -20.00 -20.00 -20.00 -20.00 -20.00 -20.00 -20.00 -20.00 -20.00 -20.00 -20.00 -20.00 -20.00 -20.00 -20.00 -20.00 -20.00 -20.00 -20.00 -20.00 -20.00 -20.00 -20.00 -20.00 -20.00 -20.00 -20.00 -20.00 -20.00 -20.00 -20.00 -20.00 -20.00 -20.00 -20.00 -20.00 -20.00 -20.00 -20.00 -20.00 -20.00 -20.00 -20.00 -20.00 -20.00 -20.00 -20.00 -20.00 -20.00 -20.00 -20.00 -20.00 -20.00 -20.00 -20.00 -20.00 -20.00 -20.00 -20.00 -20.00 -20.00 -20.00 -20.00 -20.00 -20.00 -20.00 -20.00 -20.00 -20.00 -20.00 -20.00 -20.00 -20.00 -20.00 -20.00 -20.00 -20.00 -20.00 -20.00 -20.00 -20.00 -20.00 -20.00 -20.00 -20.00 -20.00 -20.00 -20.00 -20.00 -20.00 -20.00
-20.00 -20.00 -20.00 -20.00 -20.00 -20.00 -20.00 -20.00 -20.00 -20.00 -20.00 -20.00 -20.00 -20.00 -20.00 -20.00 -20.00 -20.00 -20.00 -20.00 -20.00 -20.00 -20.00 -20.00 -20.00 -20.00 -20.00 -20.00 -20.00 -20.00 -20.00 -20.00 -20.00 -20.00 -20.00 -20.00 -20.00 -20.00 -20.00 -20.00 -20.00 -20.00 -20.00 -20.00 -20.00 -20.00 -20.00 -20.00 -20.00 -20.00 -20.00 -20.00 -20.00 -20.00 -20.00 -20.00 -20.00 -20.00 -20.00 -20.00 -20.00 -20.00 -20.00 -20.00 -20.00 -20.00 -20.00 -20.00 -20.00 -20.00 -20.00 -20.00 -20.00 -20.00 -20.00 -20.00 -20.00 -20.00 -20.00 -20.00 -20.00 -20.00 -20.00 -20.00 -20.00 -20.00 -20.00 -20.00 -20.00 -20.00 -20.00 -20.00 -20.00 -20.00 -20.00 -20.00 -20.00 -20.00 -20.00 -20.00 -20.00
-20.00 -20.00 -20.00 -20.00 -20.00 -20.00 -20.00 -20.00 -20.00 -20.00 -20.00 -20.00 -20.00 -20.00 -20.00 -20.00 -20.00 -20.00 -20.00 -20.00 -20.00 -20.00 -20.00 -20.00 -20.00 -20.00 -20.00 -20.00 -20.00 -20.00 -20.00 -20.00 -20.00 -20.00 -20.00 -20.00 -20.00 -20.00 -20.00 -20.00 -20.00 -20.00 -20.00 -20.00 -20.00 -20.00 -20.00 -20.00 -20.00 -20.00 -20.00 -20.00 -20.00 -20.00 -20.00 -20.00 -20.00 -20.00 -20.00 -20.00 -20.00 -20.00 -20.00 -20.00 -20.00 -20.00 -20.00 -20.00 -20.00 -20.00 -20.00 -20.00 -20.00 -20.00 -20.00 -20.00 -20.00 -20.00 -20.00 -20.00 -20.00 -20.00 -20.00 -20.00 -20.00 -20.00 -20.00 -20.00 -20.00 -20.00 -20.00 -20.00 -20.00 -20.00 -20.00 -20.00 -20.00 -20.00 -20.00 -20.00 -20.00
-20.00 -20.00 -20.00 -20.00 -20.00 -20.00 -20.00 -20.00 -20.00 -20.00 -20.00 -20.00 -20.00 -20.00 -20.00 -20.00 -20.00 -20.00 -20.00 -20.00 -20.00 -20.00 -20.00 -20.00 -20.00 -20.00 -20.00 -20.00 -20.00 -20.00 -20.00 -20.00 -20.00 -20.00 -20.00 -20.00 -20.00 -20.00 -20.00 -20.00 -20.00 -20.00 -20.00 -20.00 -20.00 -20.00 -20.00 -20.00 -20.00 -20.00 -20.00 -20.00 -20.00 -20.00 -20.00 -20.00 -20.00 -20.00 -20.00 -20.00 -20.00 -20.00 -20.00 -20.00 -20.00 -20.00 -20.00 -20.00 -20.00 -20.00 -20.00 -20.00 -20.00 -20.00 -20.00 -20.00 -20.00 -20.00 -20.00 -20.00 -20.00 -20.00 -20.00 -20.00 -20.00 -20.00 -20.00 -20.00 -20.00 -20.00 -20.00 -20.00 -20.00 -20.00 -20.00 -20.00 -20.00 -20.00 -20.00 -20.00 -20.00
-20.00 -20.00 -20.00 -20.00 -20.00 -20.00 -20.00 -20.00 -20.00 -20.00 -20.00 -20.00 -20.00 -20.00 -20.00 -20.00 -20.00 -20.00 -20.00 -20.00 -20.00 -20.00 -20.00 -20.00 -20.00 -20.00 -20.00 -20.00 -20.00 -20.00 -20.00 -20.00 -20.00 -20.00 -20.00 -20.00 -20.00 -20.00 -20.00 -20.00 -20.00 -20.00 -20.00 -20.00 -20.00 -20.00 -20.00 -20.00 -20.00 -20.00 -20.00 -20.00 -20.00 -20.00 -20.00 -20.00 -20.00 -20.00 -20.00 -20.00 -20.00 -20.00 -20.00 -20.00 -20.00 -20.00 -20.00 -20.00 -20.00 -20.00 -20.00 -20.00 -20.00 -20.00 -20.00 -20.00 -20.00 -20.00 -20.00 -20.00 -20.00 -20.00 -20.00 -20.00 -20.00 -20.00 -20.00 -20.00 -20.00 -20.00 -20.00 -20.00 -20.00 -20.00 -20.00 -20.00 -20.00 -20.00 -20.00 -20.00 -20.00
-20.00 -20.00 -20.00 -20.00 -20.00 -20.00 -20.00 -20.00 -20.00 -20.00 -20.00 -20.00 -20.00 -20.00 -20.00 -20.00 -20.00 -20.00 -20.00 -20.00 -20.00 -20.00 -20.00 -20.00 -20.00 -20.00 -20.00 -20.00 -20.00 -20.00 -20.00 -20.00 -20.00 -20.00 -20.00 -20.00 -20.00 -20.00 -20.00 -20.00 -20.00 -20.00 -20.00 -20.00 -20.00 -20.00 -20.00 -20.00 -20.00 -20.00 -20.00 -20.00 -20.00 -20.00 -20.00 -20.00 -20.00 -20.00 -20.00 -20.00 -20.00 -20.00 -20.00 -20.00 -20.00 -20.00 -20.00 -20.00 -20.00 -20.00 -20.00 -20.00 -20.00 -20.00 -20.00 -20.00 -20.00 -20.00 -20.00 -20.00 -20.00 -20.00 -20.00 -20.00 -20.00 -20.00 -20.00 -20.00 -20.00 -20.00 -20.00 -20.00 -20.00 -20.00 -20.00 -20.00 -20.00 -20.00 -20.00 -20.00 -20.00
-20.00 -20.00 -20.00 -20.00 -20.00 -20.00 -20.00 -20.00 -20.00 -20.00 -20.00 -20.00 -20.00 -20.00 -20.00 -20.00 -20.00 -20.00 -20.00 -20.00 -20.00 -20.00 -20.00 -20.00 -20.00 -20.00 -20.00 -20.00 -20.00 -20.00 -20.00 -20.00 -20.00 -20.00 -20.00 -20.00 -20.00 -20.00 -20.00 -20.00 -20.00 -20.00 -20.00 -20.00 -20.00 -20.00 -20.00 -20.00 -20.00 -20.00 -20.00 -20.00 -20.00 -20.00 -20.00 -20.00 -20.00 -20.00 -20.00 -20.00 -20.00 -20.00 -20.00 -20.00 -20.00 -20.00 -20.00 -20.00 -20.00 -20.00 -20.00 -20.00 -20.00 -20.00 -20.00 -20.00 -20.00 -20.00 -20.00 -20.00 -20.00 -20.00 -20.00 -20.00 -20.00 -20.00 -20.00 -20.00 -20.00 -20.00 -20.00 -20.00 -20.00 -20.00 -20.00 -20.00 -20.00 -20.00 -20.00 -20.00 -20.00
-20.00 -20.00 -20.00 -20.00 -20.00 -20.00 -20.00 -20.00 -20.00 -20.00 -20.00 -20.00 -20.00 -20.00 -20.00 -20.00 -20.00 -20.00 -20.00 -20.00 -20.00 -20.00 -20.00 -20.00 -20.00 -20.00 -20.00 -20.00 -20.00 -20.00 -20.00 -20.00 -20.00 -20.00 -20.00 -20.00 -20.00 -20.00 -20.00 -20.00 -20.00 -20.00 -20.00 -20.00 -20.00 -20.00 -20.00 -20.00 -20.00 -20.00 -20.00 -20.00 -20.00 -20.00 -20.00 -20.00 -20.00 -20.00 -20.00 -20.00 -20.00 -20.00 -20.00 -20.00 -20.00 -20.00 -20.00 -20.00 -20.00 -20.00 -20.00 -20.00 -20.00 -20.00 -20.00 -20.00 -20.00 -20.00 -20.00 -20.00 -20.00 -20.00 -20.00 -20.00 -20.00 -20.00 -20.00 -20.00 -20.00 -20.00 -20.00 -20.00 -20.00 -20.00 -20.00 -20.00 -20.00 -20.00 -20.00 -20.00 -20.00
-20.00 -20.00 -20.00 -20.00 -20.00 -20.00 -20.00 -20.00 -20.00 -20.00 -20.00 -20.00 -20.00 -20.00 -20.00 -20.00 -20.00 -20.00 -20.00 -20.00 -20.00 -20.00 -20.00 -20.00 -20.00 -20.00 -20.00 -20.00 -20.00 -20.00 -20.00 -20.00 -20.00 -20.00 -20.00 -20.00 -20.00 -20.00 -20.00 -20.00 -20.00 -20.00 -20.00 -20.00 -20.00 -20.00 -20.00 -20.00 -20.00 -20.00 -20.00 -20.00 -20.00 -20.00 -20.00 -20.00 -20.00 -20.00 -20.00 -20.00 -20.00 -20.00 -20.00 -20.00 -20.00 -20.00 -20.00 -20.00 -20.00 -20.00 -20.00 -20.00 -20.00 -20.00 -20.00 -20.00 -20.00 -20.00 -20.00 -20.00 -20.00 -20.00 -20.00 -20.00 -20.00 -20.00 -20.00 -20.00 -20.00 -20.00 -20.00 -20.00 -20.00 -20.00 -20.00 -20.00 -20.00 -20.00 -20.00 -20.00 -20.00
-20.00 -20.00 -20.00 -20.00 -20.00 -20.00 -20.00 -20.00 -20.00 -20.00 -20.00 -20.00 -20.00 -20.00 -20.00 -20.00 -20.00 -20.00 -20.00 -20.00 -20.00 -20.00 -20.00 -20.00 -20.00 -20.00 -20.00 -20.00 -20.00 -20.00 -20.00 -20.00 -20.00 -20.00 -20.00 -20.00 -20.00 -20.00 -20.00 -20.00 -20.00 -20.00 -20.00 -20.00 -20.00 -20.00 -20.00 -20.00 -20.00 -20.00 -20.00 -20.00 -20.00 -20.00 -20.00 -20.00 -20.00 -20.00 -20.00 -20.00 -20.00 -20.00 -20.00 -20.00 -20.00 -20.00 -20.00 -20.00 -20.00 -20.00 -20.00 -20.00 -20.00 -20.00 -20.00 -20.00 -20.00 -20.00 -20.00 -20.00 -20.00 -20.00 -20.00 -20.00 -20.00 -20.00 -20.00 -20.00 -20.00 -20.00 -20.00 -20.00 -20.00 -20.00 -20.00 -20.00 -20.00 -20.00 -20.00 -20.00 -20.00
-20.00 -20.00 -20.00 -20.00 -20.00 -20.00 -20.00 -20.00 -20.00 -20.00 -20.00 -20.00 -20.00 -20.00 -20.00 -20.00 -20.00 -20.00 -20.00 -20.00 -20.00 -20.00 -20.00 -20.00 -20.00 -20.00 -20.00 -20.00 -20.00 -20.00 -20.00 -20.00 -20.00 -20.00 -20.00 -20.00 -20.00 -20.00 -20.00 -20.00 -20.00 -20.00 -20.00 -20.00 -20.00 -20.00 -20.00 -20.00 -20.00 -20.00 -20.00 -20.00 -20.00 -20.00 -20.00 -20.00 -20.00 -20.00 -20.00 -20.00 -20.00 -20.00 -20.00 -20.00 -20.00 -20.00 -20.00 -20.00 -20.00 -20.00 -20.00 -20.00 -20.00 -20.00 -20.00 -20.00 -20.00 -20.00 -20.00 -20.00 -20.00 -20.00 -20.00 -20.00 -20.00 -20.00 -20.00 -20.00 -20.00 -20.00 -20.00 -20.00 -20.00 -20.00 -20.00 -20.00 -20.00 -20.00 -20.00 -20.00 -20.00
-20.00 -20.00 -20.00 -20.00 -20.00 -20.00 -20.00 -20.00 -20.00 -20.00 -20.00 -20.00 -20.00 -20.00 -20.00 -20.00 -20.00 -20.00 -20.00 -20.00 -20.00 -20.00 -20.00 -20.00 -20.00 -20.00 -20.00 -20.00 -20.00 -20.00 -20.00 -20.00 -20.00 -20.00 -20.00 -20.00 -20.00 -20.00 -20.00 -20.00 -20.00 -20.00 -20.00 -20.00 -20.00 -20.00 -20.00 -20.00 -20.00 -20.00 -20.00 -20.00 -20.00 -20.00 -20.00 -20.00 -20.00 -20.00 -20.00 -20.00 -20.00 -20.00 -20.00 -20.00 -20.00 -20.00 -20.00 -20.00 -20.00 -20.00 -20.00 -20.00 -20.00 -20.00 -20.00 -20.00 -20.00 -20.00 -20.00 -20.00 -20.00 -20.00 -20.00 -20.00 -20.00 -20.00 -20.00 -20.00 -20.00 -20.00 -20.00 -20.00 -20.00 -20.00 -20.00 -20.00 -20.00 -20.00 -20.00 -20.00 -20.00
-20.00 -20.00 -20.00 -20.00 -20.00 -20.00 -20.00 -20.00 -20.00 -20.00 -20.00 -20.00 -20.00 -20.00 -20.00 -20.00 -20.00 -20.00 -20.00 -20.00 -20.00 -20.00 -20.00 -20.00 -20.00 -20.00 -20.00 -20.00 -20.00 -20.00 -20.00 -20.00 -20.00 -20.00 -20.00 -20.00 -20.00 -20.00 -20.00 -20.00 -20.00 -20.00 -20.00 -20.00 -20.00 -20.00 -20.00 -20.00 -20.00 -20.00 -20.00 -20.00 -20.00 -20.00 -20.00 -20.00 -20.00 -20.00 -20.00 -20.00 -20.00 -20.00 -20.00 -20.00 -20.00 -20.00 -20.00 -20.00 -20.00 -20.00 -20.00 -20.00 -20.00 -20.00 -20.00 -20.00 -20.00 -20.00 -20.00 -20.00 -20.00 -20.00 -20.00 -20.00 -20.00 -20.00 -20.00 -20.00 -20.00 -20.00 -20.00 -20.00 -20.00 -20.00 -20.00 -20.00 -20.00 -20.00 -20.00 -20.00 -20.00
-20.00 -20.00 -20.00 -20.00 -20.00 -20.00 -20.00 -20.00 -20.00 -20.00 -20.00 -20.00 -20.00 -20.00 -20.00 -20.00 -20.00 -20.00 -20.00 -20.00 -20.00 -20.00 -20.00 -20.00 -20.00 -20.00 -20.00 -20.00 -20.00 -20.00 -20.00 -20.00 -20.00 -20.00 -20.00 -20.00 -20.00 -20.00 -20.00 -20.00 -20.00 -20.00 -20.00 -20.00 -20.00 -20.00 -20.00 -20.00 -20.00 -20.00 -20.00 -20.00 -20.00 -20.00 -20.00 -20.00 -20.00 -20.00 -20.00 -20.00 -20.00 -20.00 -20.00 -20.00 -20.00 -20.00 -20.00 -20.00 -20.00 -20.00 -20.00 -20.00 -20.00 -20.00 -20.00 -20.00 -20.00 -20.00 -20.00 -20.00 -20.00 -20.00 -20.00 -20.00 -20.00 -20.00 -20.00 -20.00 -20.00 -20.00 -20.00 -20.00 -20.00 -20.00 -20.00 -20.00 -20.00 -20.00 -20.00 -20.00 -20.00
-20.00 -20.00 -20.00 -20.00 -20.00 -20.00 -20.00 -20.00 -20.00 -20.00 -20.00 -20.00 -20.00 -20.00 -20.00 -20.00 -20.00 -20.00 -20.00 -20.00 -20.00 -20.00 -20.00 -20.00 -20.00 -20.00 -20.00 -20.00 -20.00 -20.00 -20.00 -20.00 -20.00 -20.00 -20.00 -20.00 -20.00 -20.00 -20.00 -20.00 -20.00 -20.00 -20.00 -20.00 -20.00 -20.00 -20.00 -20.00 -20.00 -20.00 -20.00 -20.00 -20.00 -20.00 -20.00 -20.00 -20.00 -20.00 -20.00 -20.00 -20.00 -20.00 -20.00 -20.00 -20.00 -20.00 -20.00 -20.00 -20.00 -20.00 -20.00 -20.00 -20.00 -20.00 -20.00 -20.00 -20.00 -20.00 -20.00 -20.00 -20.00 -20.00 -20.00 -20.00 -20.00 -20.00 -20.00 -20.00 -20.00 -20.00 -20.00 -20.00 -20.00 -20.00 -20.00 -20.00 -20.00 -20.00 -20.00 -20.00 -20.00
-20.00 -20.00 -20.00 -20.00 -20.00 -20.00 -20.00 -20.00 -20.00 -20.00 -20.00 -20.00 -20.00 -20.00 -20.00 -20.00 -20.00 -20.00 -20.00 -20.00 -20.00 -20.00 -20.00 -20.00 -20.00 -20.00 -20.00 -20.00 -20.00 -20.00 -20.00 -20.00 -20.00 -20.00 -20.00 -20.00 -20.00 -20.00 -20.00 -20.00 -20.00 -20.00 -20.00 -20.00 -20.00 -20.00 -20.00 -20.00 -20.00 -20.00 -20.00 -20.00 -20.00 -20.00 -20.00 -20.00 -20.00 -20.00 -20.00 -20.00 -20.00 -20.00 -20.00 -20.00 -20.00 -20.00 -20.00 -20.00 -20.00 -20.00 -20.00 -20.00 -20.00 -20.00 -20.00 -20.00 -20.00 -20.00 -20.00 -20.00 -20.00 -20.00 -20.00 -20.00 -20.00 -20.00 -20.00 -20.00 -20.00 -20.00 -20.00 -20.00 -20.00 -20.00 -20.00 -20.00 -20.00 -20.00 -20.00 -20.00 -20.00
-20.00 -20.00 -20.00 -20.00 -20.00 -20.00 -20.00 -20.00 -20.00 -20.00 -20.00 -20.00 -20.00 -20.00 -20.00 -20.00 -20.00 -20.00 -20.00 -20.00 -20.00 -20.00 -20.00 -20.00 -20.00 -20.00 -20.00 -20.00 -20.00 -20.00 -20.00 -20.00 -20.00 -20.00 -20.00 -20.00 -20.00 -20.00 -20.00 -20.00 -20.00 -20.00 -20.00 -20.00 -20.00 -20.00 -20.00 -20.00 -20.00 -20.00 -20.00 -20.00 -20.00 -20.00 -20.00 -20.00 -20.00 -20.00 -20.00 -20.00 -20.00 -20.00 -20.00 -20.00 -20.00 -20.00 -20.00 -20.00 -20.00 -20.00 -20.00 -20.00 -20.00 -20.00 -20.00 -20.00 -20.00 -20.00 -20.00 -20.00 -20.00 -20.00 -20.00 -20.00 -20.00 -20.00 -20.00 -20.00 -20.00 -20.00 -20.00 -20.00 -20.00 -20.00 -20.00 -20.00 -20.00 -20.00 -20.00 -20.00 -20.00
-20.00 -20.00 -20.00 -20.00 -20.00 -20.00 -20.00 -20.00 -20.00 -20.00 -20.00 -20.00 -20.00 -20.00 -20.00 -20.00 -20.00 -20.00 -20.00 -20.00 -20.00 -20.00 -20.00 -20.00 -20.00 -20.00 -20.00 -20.00 -20.00 -20.00 -20.00 -20.00 -20.00 -20.00 -20.00 -20.00 -20.00 -20.00 -20.00 -20.00 -20.00 -20.00 -20.00 -20.00 -20.00 -20.00 -20.00 -20.00 -20.00 -20.00 -20.00 -20.00 -20.00 -20.00 -20.00 -20.00 -20.00 -20.00 -20.00 -20.00 -20.00 -20.00 -20.00 -20.00 -20.00 -20.00 -20.00 -20.00 -20.00 -20.00 -20.00 -20.00 -20.00 -20.00 -20.00 -20.00 -20.00 -20.00 -20.00 -20.00 -20.00 -20.00 -20.00 -20.00 -20.00 -20.00 -20.00 -20.00 -20.00 -20.00 -20.00 -20.00 -20.00 -20.00 -20.00 -20.00 -20.00 -20.00 -20.00 -20.00 -20.00
-20.00 -20.00 -20.00 -20.00 -20.00 -20.00 -20.00 -20.00 -20.00 -20.00 -20.00 -20.00 -20.00 -20.00 -20.00 -20.00 -20.00 -20.00 -20.00 -20.00 -20.00 -20.00 -20.00 -20.00 -20.00 -20.00 -20.00 -20.00 -20.00 -20.00 -20.00 -20.00 -20.00 -20.00 -20.00 -20.00 -20.00 -20.00 -20.00 -20.00 -20.00 -20.00 -20.00 -20.00 -20.00 -20.00 -20.00 -20.00 -20.00 -20.00 -20.00 -20.00 -20.00 -20.00 -20.00 -20.00 -20.00 -20.00 -20.00 -20.00 -20.00 -20.00 -20.00 -20.00 -20.00 -20.00 -20.00 -20.00 -20.00 -20.00 -20.00 -20.00 -20.00 -20.00 -20.00 -20.00 -20.00 -20.00 -20.00 -20.00 -20.00 -20.00 -20.00 -20.00 -20.00 -20.00 -20.00 -20.00 -20.00 -20.00 -20.00 -20.00 -20.00 -20.00 -20.00 -20.00 -20.00 -20.00 -20.00 -20.00 -20.00
-20.00 -20.00 -20.00 -20.00 -20.00 -20.00 -20.00 -20.00 -20.00 -20.00 -20.00 -20.00 -20.00 -20.00 -20.00 -20.00 -20.00 -20.00 -20.00 -20.00 -20.00 -20.00 -20.00 -20.00 -20.00 -20.00 -20.00 -20.00 -20.00 -20.00 -20.00 -20.00 -20.00 -20.00 -20.00 -20.00 -20.00 -20.00 -20.00 -20.00 -20.00 -20.00 -20.00 -20.00 -20.00 -20.00 -20.00 -20.00 -20.00 -20.00 -20.00 -20.00 -20.00 -20.00 -20.00 -20.00 -20.00 -20.00 -20.00 -20.00 -20.00 -20.00 -20.00 -20.00 -20.00 -20.00 -20.00 -20.00 -20.00 -20.00 -20.00 -20.00 -20.00 -20.00 -20.00 -20.00 -20.00 -20.00 -20.00 -20.00 -20.00 -20.00 -20.00 -20.00 -20.00 -20.00 -20.00 -20.00 -20.00 -20.00 -20.00 -20.00 -20.00 -20.00 -20.00 -20.00 -20.00 -20.00 -20.00 -20.00 -20.00
-20.00 -20.00 -20.00 -20.00 -20.00 -20.00 -20.00 -20.00 -20.00 -20.00 -20.00 -20.00 -20.00 -20.00 -20.00 -20.00 -20.00 -20.00 -20.00 -20.00 -20.00 -20.00 -20.00 -20.00 -20.00 -20.00 -20.00 -20.00 -20.00 -20.00 -20.00 -20.00 -20.00 -20.00 -20.00 -20.00 -20.00 -20.00 -20.00 -20.00 -20.00 -20.00 -20.00 -20.00 -20.00 -20.00 -20.00 -20.00 -20.00 -20.00 -20.00 -20.00 -20.00 -20.00 -20.00 -20.00 -20.00 -20.00 -20.00 -20.00 -20.00 -20.00 -20.00 -20.00 -20.00 -20.00 -20.00 -20.00 -20.00 -20.00 -20.00 -20.00 -20.00 -20.00 -20.00 -20.00 -20.00 -20.00 -20.00 -20.00 -20.00 -20.00 -20.00 -20.00 -20.00 -20.00 -20.00 -20.00 -20.00 -20.00 -20.00 -20.00 -20.00 -20.00 -20.00 -20.00 -20.00 -20.00 -20.00 -20.00 -20.00
-20.00 -20.00 -20.00 -20.00 -20.00 -20.00 -20.00 -20.00 -20.00 -20.00 -20.00 -20.00 -20.00 -20.00 -20.00 -20.00 -20.00 -20.00 -20.00 -20.00 -20.00 -20.00 -20.00 -20.00 -20.00 -20.00 -20.00 -20.00 -20.00 -20.00 -20.00 -20.00 -20.00 -20.00 -20.00 -20.00 -20.00 -20.00 -20.00 -20.00 -20.00 -20.00 -20.00 -20.00 -20.00 -20.00 -20.00 -20.00 -20.00 -20.00 -20.00 -20.00 -20.00 -20.00 -20.00 -20.00 -20.00 -20.00 -20.00 -20.00 -20.00 -20.00 -20.00 -20.00 -20.00 -20.00 -20.00 -20.00 -20.00 -20.00 -20.00 -20.00 -20.00 -20.00 -20.00 -20.00 -20.00 -20.00 -20.00 -20.00 -20.00 -20.00 -20.00 -20.00 -20.00 -20.00 -20.00 -20.00 -20.00 -20.00 -20.00 -20.00 -20.00 -20.00 -20.00 -20.00 -20.00 -20.00 -20.00 -20.00 -20.00
-20.00 -20.00 -20.00 -20.00 -20.00 -20.00 -20.00 -20.00 -20.00 -20.00 -20.00 -20.00 -20.00 -20.00 -20.00 -20.00 -20.00 -20.00 -20.00 -20.00 -20.00 -20.00 -20.00 -20.00 -20.00 -20.00 -20.00 -20.00 -20.00 -20.00 -20.00 -20.00 -20.00 -20.00 -20.00 -20.00 -20.00 -20.00 -20.00 -20.00 -20.00 -20.00 -20.00 -20.00 -20.00 -20.00 -20.00 -20.00 -20.00 -20.00 -20.00 -20.00 -20.00 -20.00 -20.00 -20.00 -20.00 -20.00 -20.00 -20.00 -20.00 -20.00 -20.00 -20.00 -20.00 -20.00 -20.00 -20.00 -20.00 -20.00 -20.00 -20.00 -20.00 -20.00 -20.00 -20.00 -20.00 -20.00 -20.00 -20.00 -20.00 -20.00 -20.00 -20.00 -20.00 -20.00 -20.00 -20.00 -20.00 -20.00 -20.00 -20.00 -20.00 -20.00 -20.00 -20.00 -20.00 -20.00 -20.00 -20.00 -20.00
-20.00 -20.00 -20.00 -20.00 -20.00 -20.00 -20.00 -20.00 -20.00 -20.00 -20.00 -20.00 -20.00 -20.00 -20.00 -20.00 -20.00 -20.00 -20.00 -20.00 -20.00 -20.00 -20.00 -20.00 -20.00 -20.00 -20.00 -20.00 -20.00 -20.00 -20.00 -20.00 -20.00 -20.00 -20.00 -20.00 -20.00 -20.00 -20.00 -20.00 -20.00 -20.00 -20.00 -20.00 -20.00 -20.00 -20.00 -20.00 -20.00 -20.00 -20.00 -20.00 -20.00 -20.00 -20.00 -20.00 -20.00 -20.00 -20.00 -20.00 -20.00 -20.00 -20.00 -20.00 -20.00 -20.00 -20.00 -20.00 -20.00 -20.00 -20.00 -20.00 -20.00 -20.00 -20.00 -20.00 -20.00 -20.00 -20.00 -20.00 -20.00 -20.00 -20.00 -20.00 -20.00 -20.00 -20.00 -20.00 -20.00 -20.00 -20.00 -20.00 -20.00 -20.00 -20.00 -20.00 -20.00 -20.00 -20.00 -20.00 -20.00
-20.00 -20.00 -20.00 -20.00 -20.00 -20.00 -20.00 -20.00 -20.00 -20.00 -20.00 -20.00 -20.00 -20.00 -20.00 -20.00 -20.00 -20.00 -20.00 -20.00 -20.00 -20.00 -20.00 -20.00 -20.00 -20.00 -20.00 -20.00 -20.00 -20.00 -20.00 -20.00 -20.00 -20.00 -20.00 -20.00 -20.00 -20.00 -20.00 -20.00 -20.00 -20.00 -20.00 -20.00 -20.00 -20.00 -20.00 -20.00 -20.00 -20.00 -20.00 -20.00 -20.00 -20.00 -20.00 -20.00 -20.00 -20.00 -20.00 -20.00 -20.00 -20.00 -20.00 -20.00 -20.00 -20.00 -20.00 -20.00 -20.00 -20.00 -20.00 -20.00 -20.00 -20.00 -20.00 -20.00 -20.00 -20.00 -20.00 -20.00 -20.00 -20.00 -20.00 -20.00 -20.00 -20.00 -20.00 -20.00 -20.00 -20.00 -20.00 -20.00 -20.00 -20.00 -20.00 -20.00 -20.00 -20.00 -20.00 -20.00 -20.00
-20.00 -20.00 -20.00 -20.00 -20.00 -20.00 -20.00 -20.00 -20.00 -20.00 -20.00 -20.00 -20.00 -20.00 -20.00 -20.00 -20.00 -20.00 -20.00 -20.00 -20.00 -20.00 -20.00 -20.00 -20.00 -20.00 -20.00 -20.00 -20.00 -20.00 -20.00 -20.00 -20.00 -20.00 -20.00 -20.00 -20.00 -20.00 -20.00 -20.00 -20.00 -20.00 -20.00 -20.00 -20.00 -20.00 -20.00 -20.00 -20.00 -20.00 -20.00 -20.00 -20.00 -20.00 -20.00 -20.00 -20.00 -20.00 -20.00 -20.00 -20.00 -20.00 -20.00 -20.00 -20.00 -20.00 -20.00 -20.00 -20.00 -20.00 -20.00 -20.00 -20.00 -20.00 -20.00 -20.00 -20.00 -20.00 -20.00 -20.00 -20.00 -20.00 -20.00 -20.00 -20.00 -20.00 -20.00 -20.00 -20.00 -20.00 -20.00 -20.00 -20.00 -20.00 -20.00 -20.00 -20.00 -20.00 -20.00 -20.00 -20.00
-20.00 -20.00 -20.00 -20.00 -20.00 -20.00 -20.00 -20.00 -20.00 -20.00 -20.00 -20.00 -20.00 -20.00 -20.00 -20.00 -20.00 -20.00 -20.00 -20.00 -20.00 -20.00 -20.00 -20.00 -20.00 -20.00 -20.00 -20.00 -20.00 -20.00 -20.00 -20.00 -20.00 -20.00 -20.00 -20.00 -20.00 -20.00 -20.00 -20.00 -20.00 -20.00 -20.00 -20.00 -20.00 -20.00 -20.00 -20.00 -20.00 -20.00 -20.00 -20.00 -20.00 -20.00 -20.00 -20.00 -20.00 -20.00 -20.00 -20.00 -20.00 -20.00 -20.00 -20.00 -20.00 -20.00 -20.00 -20.00 -20.00 -20.00 -20.00 -20.00 -20.00 -20.00 -20.00 -20.00 -20.00 -20.00 -20.00 -20.00 -20.00 -20.00 -20.00 -20.00 -20.00 -20.00 -20.00 -20.00 -20.00 -20.00 -20.00 -20.00 -20.00 -20.00 -20.00 -20.00 -20.00 -20.00 -20.00 -20.00 -20.00
-20.00 -20.00 -20.00 -20.00 -20.00 -20.00 -20.00 -20.00 -20.00 -20.00 -20.00 -20.00 -20.00 -20.00 -20.00 -20.00 -20.00 -20.00 -20.00 -20.00 -20.00 -20.00 -20.00 -20.00 -20.00 -20.00 -20.00 -20.00 -20.00 -20.00 -20.00 -20.00 -20.00 -20.00 -20.00 -20.00 -20.00 -20.00 -20.00 -20.00 -20.00 -20.00 -20.00 -20.00 -20.00 -20.00 -20.00 -20.00 -20.00 -20.00 -20.00 -20.00 -20.00 -20.00 -20.00 -20.00 -20.00 -20.00 -20.00 -20.00 -20.00 -20.00 -20.00 -20.00 -20.00 -20.00 -20.00 -20.00 -20.00 -20.00 -20.00 -20.00 -20.00 -20.00 -20.00 -20.00 -20.00 -20.00 -20.00 -20.00 -20.00 -20.00 -20.00 -20.00 -20.00 -20.00 -20.00 -20.00 -20.00 -20.00 -20.00 -20.00 -20.00 -20.00 -20.00 -20.00 -20.00 -20.00 -20.00 -20.00 -20.00
-20.00 -20.00 -20.00 -20.00 -20.00 -20.00 -20.00 -20.00 -20.00 -20.00 -20.00 -20.00 -20.00 -20.00 -20.00 -20.00 -20.00 -20.00 -20.00 -20.00 -20.00 -20.00 -20.00 -20.00 -20.00 -20.00 -20.00 -20.00 -20.00 -20.00 -20.00 -20.00 -20.00 -20.00 -20.00 -20.00 -20.00 -20.00 -20.00 -20.00 -20.00 -20.00 -20.00 -20.00 -20.00 -20.00 -20.00 -20.00 -20.00 -20.00 -20.00 -20.00 -20.00 -20.00 -20.00 -20.00 -20.00 -20.00 -20.00 -20.00 -20.00 -20.00 -20.00 -20.00 -20.00 -20.00 -20.00 -20.00 -20.00 -20.00 -20.00 -20.00 -20.00 -20.00 -20.00 -20.00 -20.00 -20.00 -20.00 -20.00 -20.00 -20.00 -20.00 -20.00 -20.00 -20.00 -20.00 -20.00 -20.00 -20.00 -20.00 -20.00 -20.00 -20.00 -20.00 -20.00 -20.00 -20.00 -20.00 -20.00 -20.00
-20.00 -20.00 -20.00 -20.00 -20.00 -20.00 -20.00 -20.00 -20.00 -20.00 -20.00 -20.00 -20.00 -20.00 -20.00 -20.00 -20.00 -20.00 -20.00 -20.00 -20.00 -20.00 -20.00 -20.00 -20.00 -20.00 -20.00 -20.00 -20.00 -20.00 -20.00 -20.00 -20.00 -20.00 -20.00 -20.00 -20.00 -20.00 -20.00 -20.00 -20.00 -20.00 -20.00 -20.00 -20.00 -20.00 -20.00 -20.00 -20.00 -20.00 -20.00 -20.00 -20.00 -20.00 -20.00 -20.00 -20.00 -20.00 -20.00 -20.00 -20.00 -20.00 -20.00 -20.00 -20.00 -20.00 -20.00 -20.00 -20.00 -20.00 -20.00 -20.00 -20.00 -20.00 -20.00 -20.00 -20.00 -20.00 -20.00 -20.00 -20.00 -20.00 -20.00 -20.00 -20.00 -20.00 -20.00 -20.00 -20.00 -20.00 -20.00 -20.00 -20.00 -20.00 -20.00 -20.00 -20.00 -20.00 -20.00 -20.00 -20.00
-20.00 -20.00 -20.00 -20.00 -20.00 -20.00 -20.00 -20.00 -20.00 -20.00 -20.00 -20.00 -20.00 -20.00 -20.00 -20.00 -20.00 -20.00 -20.00 -20.00 -20.00 -20.00 -20.00 -20.00 -20.00 -20.00 -20.00 -20.00 -20.00 -20.00 -20.00 -20.00 -20.00 -20.00 -20.00 -20.00 -20.00 -20.00 -20.00 -20.00 -20.00 -20.00 -20.00 -20.00 -20.00 -20.00 -20.00 -20.00 -20.00 -20.00 -20.00 -20.00 -20.00 -20.00 -20.00 -20.00 -20.00 -20.00 -20.00 -20.00 -20.00 -20.00 -20.00 -20.00 -20.00 -20.00 -20.00 -20.00 -20.00 -20.00 -20.00 -20.00 -20.00 -20.00 -20.00 -20.00 -20.00 -20.00 -20.00 -20.00 -20.00 -20.00 -20.00 -20.00 -20.00 -20.00 -20.00 -20.00 -20.00 -20.00 -20.00 -20.00 -20.00 -20.00 -20.00 -20.00 -20.00 -20.00 -20.00 -20.00 -20.00
-20.00 -20.00 -20.00 -20.00 -20.00 -20.00 -20.00 -20.00 -20.00 -20.00 -20.00 -20.00 -20.00 -20.00 -20.00 -20.00 -20.00 -20.00 -20.00 -20.00 -20.00 -20.00 -20.00 -20.00 -20.00 -20.00 -20.00 -20.00 -20.00 -20.00 -20.00 -20.00 -20.00 -20.00 -20.00 -20.00 -20.00 -20.00 -20.00 -20.00 -20.00 -20.00 -20.00 -20.00 -20.00 -20.00 -20.00 -20.00 -20.00 -20.00 -20.00 -20.00 -20.00 -20.00 -20.00 -20.00 -20.00 -20.00 -20.00 -20.00 -20.00 -20.00 -20.00 -20.00 -20.00 -20.00 -20.00 -20.00 -20.00 -20.00 -20.00 -20.00 -20.00 -20.00 -20.00 -20.00 -20.00 -20.00 -20.00 -20.00 -20.00 -20.00 -20.00 -20.00 -20.00 -20.00 -20.00 -20.00 -20.00 -20.00 -20.00 -20.00 -20.00 -20.00 -20.00 -20.00 -20.00 -20.00 -20.00 -20.00 -20.00
-20.00 -20.00 -20.00 -20.00 -20.00 -20.00 -20.00 -20.00 -20.00 -20.00 -20.00 -20.00 -20.00 -20.00 -20.00 -20.00 -20.00 -20.00 -20.00 -20.00 -20.00 -20.00 -20.00 -20.00 -20.00 -20.00 -20.00 -20.00 -20.00 -20.00 -20.00 -20.00 -20.00 -20.00 -20.00 -20.00 -20.00 -20.00 -20.00 -20.00 -20.00 -20.00 -20.00 -20.00 -20.00 -20.00 -20.00 -20.00 -20.00 -20.00 -20.00 -20.00 -20.00 -20.00 -20.00 -20.00 -20.00 -20.00 -20.00 -20.00 -20.00 -20.00 -20.00 -20.00 -20.00 -20.00 -20.00 -20.00 -20.00 -20.00 -20.00 -20.00 -20.00 -20.00 -20.00 -20.00 -20.00 -20.00 -20.00 -20.00 -20.00 -20.00 -20.00 -20.00 -20.00 -20.00 -20.00 -20.00 -20.00 -20.00 -20.00 -20.00 -20.00 -20.00 -20.00 -20.00 -20.00 -20.00 -20.00 -20.00 -20.00
-20.00 -20.00 -20.00 -20.00 -20.00 -20.00 -20.00 -20.00 -20.00 -20.00 -20.00 -20.00 -20.00 -20.00 -20.00 -20.00 -20.00 -20.00 -20.00 -20.00 -20.00 -20.00 -20.00 -20.00 -20.00 -20.00 -20.00 -20.00 -20.00 -20.00 -20.00 -20.00 -20.00 -20.00 -20.00 -20.00 -20.00 -20.00 -20.00 -20.00 -20.00 -20.00 -20.00 -20.00 -20.00 -20.00 -20.00 -20.00 -20.00 -20.00 -20.00 -20.00 -20.00 -20.00 -20.00 -20.00 -20.00 -20.00 -20.00 -20.00 -20.00 -20.00 -20.00 -20.00 -20.00 -20.00 -20.00 -20.00 -20.00 -20.00 -20.00 -20.00 -20.00 -20.00 -20.00 -20.00 -20.00 -20.00 -20.00 -20.00 -20.00 -20.00 -20.00 -20.00 -20.00 -20.00 -20.00 -20.00 -20.00 -20.00 -20.00 -20.00 -20.00 -20.00 -20.00 -20.00 -20.00 -20.00 -20.00 -20.00 -20.00
-20.00 -20.00 -20.00 -20.00 -20.00 -20.00 -20.00 -20.00 -20.00 -20.00 -20.00 -20.00 -20.00 -20.00 -20.00 -20.00 -20.00 -20.00 -20.00 -20.00 -20.00 -20.00 -20.00 -20.00 -20.00 -20.00 -20.00 -20.00 -20.00 -20.00 -20.00 -20.00 -20.00 -20.00 -20.00 -20.00 -20.00 -20.00 -20.00 -20.00 -20.00 -20.00 -20.00 -20.00 -20.00 -20.00 -20.00 -20.00 -20.00 -20.00 -20.00 -20.00 -20.00 -20.00 -20.00 -20.00 -20.00 -20.00 -20.00 -20.00 -20.00 -20.00 -20.00 -20.00 -20.00 -20.00 -20.00 -20.00 -20.00 -20.00 -20.00 -20.00 -20.00 -20.00 -20.00 -20.00 -20.00 -20.00 -20.00 -20.00 -20.00 -20.00 -20.00 -20.00 -20.00 -20.00 -20.00 -20.00 -20.00 -20.00 -20.00 -20.00 -20.00 -20.00 -20.00 -20.00 -20.00 -20.00 -20.00 -20.00 -20.00
-20.00 -20.00 -20.00 -20.00 -20.00 -20.00 -20.00 -20.00 -20.00 -20.00 -20.00 -20.00 -20.00 -20.00 -20.00 -20.00 -20.00 -20.00 -20.00 -20.00 -20.00 -20.00 -20.00 -20.00 -20.00 -20.00 -20.00 -20.00 -20.00 -20.00 -20.00 -20.00 -20.00 -20.00 -20.00 -20.00 -20.00 -20.00 -20.00 -20.00 -20.00 -20.00 -20.00 -20.00 -20.00 -20.00 -20.00 -20.00 -20.00 -20.00 -20.00 -20.00 -20.00 -20.00 -20.00 -20.00 -20.00 -20.00 -20.00 -20.00 -20.00 -20.00 -20.00 -20.00 -20.00 -20.00 -20.00 -20.00 -20.00 -20.00 -20.00 -20.00 -20.00 -20.00 -20.00 -20.00 -20.00 -20.00 -20.00 -20.00 -20.00 -20.00 -20.00 -20.00 -20.00 -20.00 -20.00 -20.00 -20.00 -20.00 -20.00 -20.00 -20.00 -20.00 -20.00 -20.00 -20.00 -20.00 -20.00 -20.00 -20.00
-20.00 -20.00 -20.00 -20.00 -20.00 -20.00 -20.00 -20.00 -20.00 -20.00 -20.00 -20.00 -20.00 -20.00 -20.00 -20.00 -20.00 -20.00 -20.00 -20.00 -20.00 -20.00 -20.00 -20.00 -20.00 -20.00 -20.00 -20.00 -20.00 -20.00 -20.00 -20.00 -20.00 -20.00 -20.00 -20.00 -20.00 -20.00 -20.00 -20.00 -20.00 -20.00 -20.00 -20.00 -20.00 -20.00 -20.00 -20.00 -20.00 -20.00 -20.00 -20.00 -20.00 -20.00 -20.00 -20.00 -20.00 -20.00 -20.00 -20.00 -20.00 -20.00 -20.00 -20.00 -20.00 -20.00 -20.00 -20.00 -20.00 -20.00 -20.00 -20.00 -20.00 -20.00 -20.00 -20.00 -20.00 -20.00 -20.00 -20.00 -20.00 -20.00 -20.00 -20.00 -20.00 -20.00 -20.00 -20.00 -20.00 -20.00 -20.00 -20.00 -20.00 -20.00 -20.00 -20.00 -20.00 -20.00 -20.00 -20.00 -20.00
-20.00 -20.00 -20.00 -20.00 -20.00 -20.00 -20.00 -20.00 -20.00 -20.00 -20.00 -20.00 -20.00 -20.00 -20.00 -20.00 -20.00 -20.00 -20.00 -20.00 -20.00 -20.00 -20.00 -20.00 -20.00 -20.00 -20.00 -20.00 -20.00 -20.00 -20.00 -20.00 -20.00 -20.00 -20.00 -20.00 -20.00 -20.00 -20.00 -20.00 -20.00 -20.00 -20.00 -20.00 -20.00 -20.00 -20.00 -20.00 -20.00 -20.00 -20.00 -20.00 -20.00 -20.00 -20.00 -20.00 -20.00 -20.00 -20.00 -20.00 -20.00 -20.00 -20.00 -20.00 -20.00 -20.00 -20.00 -20.00 -20.00 -20.00 -20.00 -20.00 -20.00 -20.00 -20.00 -20.00 -20.00 -20.00 -20.00 -20.00 -20.00 -20.00 -20.00 -20.00 -20.00 -20.00 -20.00 -20.00 -20.00 -20.00 -20.00 -20.00 -20.00 -20.00 -20.00 -20.00 -20.00 -20.00 -20.00 -20.00 -20.00
-20.00 -20.00 -20.00 -20.00 -20.00 -20.00 -20.00 -20.00 -20.00 -20.00 -20.00 -20.00 -20.00 -20.00 -20.00 -20.00 -20.00 -20.00 -20.00 -20.00 -20.00 -20.00 -20.00 -20.00 -20.00 -20.00 -20.00 -20.00 -20.00 -20.00 -20.00 -20.00 -20.00 -20.00 -20.00 -20.00 -20.00 -20.00 -20.00 -20.00 -20.00 -20.00 -20.00 -20.00 -20.00 -20.00 -20.00 -20.00 -20.00 -20.00 -20.00 -20.00 -20.00 -20.00 -20.00 -20.00 -20.00 -20.00 -20.00 -20.00 -20.00 -20.00 -20.00 -20.00 -20.00 -20.00 -20.00 -20.00 -20.00 -20.00 -20.00 -20.00 -20.00 -20.00 -20.00 -20.00 -20.00 -20.00 -20.00 -20.00 -20.00 -20.00 -20.00 -20.00 -20.00 -20.00 -20.00 -20.00 -20.00 -20.00 -20.00 -20.00 -20.00 -20.00 -20.00 -20.00 -20.00 -20.00 -20.00 -20.00 -20.00
-20.00 -20.00 -20.00 -20.00 -20.00 -20.00 -20.00 -20.00 -20.00 -20.00 -20.00 -20.00 -20.00 -20.00 -20.00 -20.00 -20.00 -20.00 -20.00 -20.00 -20.00 -20.00 -20.00 -20.00 -20.00 -20.00 -20.00 -20.00 -20.00 -20.00 -20.00 -20.00 -20.00 -20.00 -20.00 -20.00 -20.00 -20.00 -20.00 -20.00 -20.00 -20.00 -20.00 -20.00 -20.00 -20.00 -20.00 -20.00 -20.00 -20.00 -20.00 -20.00 -20.00 -20.00 -20.00 -20.00 -20.00 -20.00 -20.00 -20.00 -20.00 -20.00 -20.00 -20.00 -20.00 -20.00 -20.00 -20.00 -20.00 -20.00 -20.00 -20.00 -20.00 -20.00 -20.00 -20.00 -20.00 -20.00 -20.00 -20.00 -20.00 -20.00 -20.00 -20.00 -20.00 -20.00 -20.00 -20.00 -20.00 -20.00 -20.00 -20.00 -20.00 -20.00 -20.00 -20.00 -20.00 -20.00 -20.00 -20.00 -20.00
-20.00 -20.00 -20.00 -20.00 -20.00 -20.00 -20.00 -20.00 -20.00 -20.00 -20.00 -20.00 -20.00 -20.00 -20.00 -20.00 -20.00 -20.00 -20.00 -20.00 -20.00 -20.00 -20.00 -20.00 -20.00 -20.00 -20.00 -20.00 -20.00 -20.00 -20.00 -20.00 -20.00 -20.00 -20.00 -20.00 -20.00 -20.00 -20.00 -20.00 -20.00 -20.00 -20.00 -20.00 -20.00 -20.00 -20.00 -20.00 -20.00 -20.00 -20.00 -20.00 -20.00 -20.00 -20.00 -20.00 -20.00 -20.00 -20.00 -20.00 -20.00 -20.00 -20.00 -20.00 -20.00 -20.00 -20.00 -20.00 -20.00 -20.00 -20.00 -20.00 -20.00 -20.00 -20.00 -20.00 -20.00 -20.00 -20.00 -20.00 -20.00 -20.00 -20.00 -20.00 -20.00 -20.00 -20.00 -20.00 -20.00 -20.00 -20.00 -20.00 -20.00 -20.00 -20.00 -20.00 -20.00 -20.00 -20.00 -20.00 -20.00
-20.00 -20.00 -20.00 -20.00 -20.00 -20.00 -20.00 -20.00 -20.00 -20.00 -20.00 -20.00 -20.00 -20.00 -20.00 -20.00 -20.00 -20.00 -20.00 -20.00 -20.00 -20.00 -20.00 -20.00 -20.00 -20.00 -20.00 -20.00 -20.00 -20.00 -20.00 -20.00 -20.00 -20.00 -20.00 -20.00 -20.00 -20.00 -20.00 -20.00 -20.00 -20.00 -20.00 -20.00 -20.00 -20.00 -20.00 -20.00 -20.00 -20.00 -20.00 -20.00 -20.00 -20.00 -20.00 -20.00 -20.00 -20.00 -20.00 -20.00 -20.00 -20.00 -20.00 -20.00 -20.00 -20.00 -20.00 -20.00 -20.00 -20.00 -20.00 -20.00 -20.00 -20.00 -20.00 -20.00 -20.00 -20.00 -20.00 -20.00 -20.00 -20.00 -20.00 -20.00 -20.00 -20.00 -20.00 -20.00 -20.00 -20.00 -20.00 -20.00 -20.00 -20.00 -20.00 -20.00 -20.00 -20.00 -20.00 -20.00 -20.00
-20.00 -20.00 -20.00 -20.00 -20.00 -20.00 -20.00 -20.00 -20.00 -20.00 -20.00 -20.00 -20.00 -20.00 -20.00 -20.00 -20.00 -20.00 -20.00 -20.00 -20.00 -20.00 -20.00 -20.00 -20.00 -20.00 -20.00 -20.00 -20.00 -20.00 -20.00 -20.00 -20.00 -20.00 -20.00 -20.00 -20.00 -20.00 -20.00 -20.00 -20.00 -20.00 -20.00 -20.00 -20.00 -20.00 -20.00 -20.00 -20.00 -20.00 -20.00 -20.00 -20.00 -20.00 -20.00 -20.00 -20.00 -20.00 -20.00 -20.00 -20.00 -20.00 -20.00 -20.00 -20.00 -20.00 -20.00 -20.00 -20.00 -20.00 -20.00 -20.00 -20.00 -20.00 -20.00 -20.00 -20.00 -20.00 -20.00 -20.00 -20.00 -20.00 -20.00 -20.00 -20.00 -20.00 -20.00 -20.00 -20.00 -20.00 -20.00 -20.00 -20.00 -20.00 -20.00 -20.00 -20.00 -20.00 -20.00 -20.00 -20.00
-20.00 -20.00 -20.00 -20.00 -20.00 -20.00 -20.00 -20.00 -20.00 -20.00 -20.00 -20.00 -20.00 -20.00 -20.00 -20.00 -20.00 -20.00 -20.00 -20.00 -20.00 -20.00 -20.00 -20.00 -20.00 -20.00 -20.00 -20.00 -20.00 -20.00 -20.00 -20.00 -20.00 -20.00 -20.00 -20.00 -20.00 -20.00 -20.00 -20.00 -20.00 -20.00 -20.00 -20.00 -20.00 -20.00 -20.00 -20.00 -20.00 -20.00 -20.00 -20.00 -20.00 -20.00 -20.00 -20.00 -20.00 -20.00 -20.00 -20.00 -20.00 -20.00 -20.00 -20.00 -20.00 -20.00 -20.00 -20.00 -20.00 -20.00 -20.00 -20.00 -20.00 -20.00 -20.00 -20.00 -20.00 -20.00 -20.00 -20.00 -20.00 -20.00 -20.00 -20.00 -20.00 -20.00 -20.00 -20.00 -20.00 -20.00 -20.00 -20.00 -20.00 -20.00 -20.00 -20.00 -20.00 -20.00 -20.00 -20.00 -20.00
-20.00 -20.00 -20.00 -20.00 -20.00 -20.00 -20.00 -20.00 -20.00 -20.00 -20.00 -20.00 -20.00 -20.00 -20.00 -20.00 -20.00 -20.00 -20.00 -20.00 -20.00 -20.00 -20.00 -20.00 -20.00 -20.00 -20.00 -20.00 -20.00 -20.00 -20.00 -20.00 -20.00 -20.00 -20.00 -20.00 -20.00 -20.00 -20.00 -20.00 -20.00 -20.00 -20.00 -20.00 -20.00 -20.00 -20.00 -20.00 -20.00 -20.00 -20.00 -20.00 -20.00 -20.00 -20.00 -20.00 -20.00 -20.00 -20.00 -20.00 -20.00 -20.00 -20.00 -20.00 -20.00 -20.00 -20.00 -20.00 -20.00 -20.00 -20.00 -20.00 -20.00 -20.00 -20.00 -20.00 -20.00 -20.00 -20.00 -20.00 -20.00 -20.00 -20.00 -20.00 -20.00 -20.00 -20.00 -20.00 -20.00 -20.00 -20.00 -20.00 -20.00 -20.00 -20.00 -20.00 -20.00 -20.00 -20.00 -20.00 -20.00
