REEF3D-SEASTATE wind field (validation)
9 5
0.000000 0.000000 5000.000000 5000.000000
20261005.000000
10 10 10 10 10 10 10 10 10
9.25 9.25 9.25 9.25 9.25 9.25 9.25 9.25 9.25
8.5 8.5 8.5 8.5 8.5 8.5 8.5 8.5 8.5
7.75 7.75 7.75 7.75 7.75 7.75 7.75 7.75 7.75
7 7 7 7 7 7 7 7 7
0 0 0 0 0 0 0 0 0
0 0 0 0 0 0 0 0 0
0 0 0 0 0 0 0 0 0
0 0 0 0 0 0 0 0 0
0 0 0 0 0 0 0 0 0
20261005.010000
13.52296157 13.52296157 13.52296157 13.52296157 13.52296157 13.52296157 13.52296157 13.52296157 13.52296157
12.50873945 12.50873945 12.50873945 12.50873945 12.50873945 12.50873945 12.50873945 12.50873945 12.50873945
11.49451733 11.49451733 11.49451733 11.49451733 11.49451733 11.49451733 11.49451733 11.49451733 11.49451733
10.48029522 10.48029522 10.48029522 10.48029522 10.48029522 10.48029522 10.48029522 10.48029522 10.48029522
9.466073098 9.466073098 9.466073098 9.466073098 9.466073098 9.466073098 9.466073098 9.466073098 9.466073098
3.623466631 3.623466631 3.623466631 3.623466631 3.623466631 3.623466631 3.623466631 3.623466631 3.623466631
3.351706634 3.351706634 3.351706634 3.351706634 3.351706634 3.351706634 3.351706634 3.351706634 3.351706634
3.079946637 3.079946637 3.079946637 3.079946637 3.079946637 3.079946637 3.079946637 3.079946637 3.079946637
2.808186639 2.808186639 2.808186639 2.808186639 2.808186639 2.808186639 2.808186639 2.808186639 2.808186639
2.536426642 2.536426642 2.536426642 2.536426642 2.536426642 2.536426642 2.536426642 2.536426642 2.536426642
20261005.020000
15.58845727 15.58845727 15.58845727 15.58845727 15.58845727 15.58845727 15.58845727 15.58845727 15.58845727
14.41932297 14.41932297 14.41932297 14.41932297 14.41932297 14.41932297 14.41932297 14.41932297 14.41932297
13.25018868 13.25018868 13.25018868 13.25018868 13.25018868 13.25018868 13.25018868 13.25018868 13.25018868
12.08105438 12.08105438 12.08105438 12.08105438 12.08105438 12.08105438 12.08105438 12.08105438 12.08105438
10.91192009 10.91192009 10.91192009 10.91192009 10.91192009 10.91192009 10.91192009 10.91192009 10.91192009
9 9 9 9 9 9 9 9 9
8.325 8.325 8.325 8.325 8.325 8.325 8.325 8.325 8.325
7.65 7.65 7.65 7.65 7.65 7.65 7.65 7.65 7.65
6.975 6.975 6.975 6.975 6.975 6.975 6.975 6.975 6.975
6.3 6.3 6.3 6.3 6.3 6.3 6.3 6.3 6.3
20261005.030000
15.55634919 15.55634919 15.55634919 15.55634919 15.55634919 15.55634919 15.55634919 15.55634919 15.55634919
14.389623 14.389623 14.389623 14.389623 14.389623 14.389623 14.389623 14.389623 14.389623
13.22289681 13.22289681 13.22289681 13.22289681 13.22289681 13.22289681 13.22289681 13.22289681 13.22289681
12.05617062 12.05617062 12.05617062 12.05617062 12.05617062 12.05617062 12.05617062 12.05617062 12.05617062
10.88944443 10.88944443 10.88944443 10.88944443 10.88944443 10.88944443 10.88944443 10.88944443 10.88944443
15.55634919 15.55634919 15.55634919 15.55634919 15.55634919 15.55634919 15.55634919 15.55634919 15.55634919
14.389623 14.389623 14.389623 14.389623 14.389623 14.389623 14.389623 14.389623 14.389623
13.22289681 13.22289681 13.22289681 13.22289681 13.22289681 13.22289681 13.22289681 13.22289681 13.22289681
12.05617062 12.05617062 12.05617062 12.05617062 12.05617062 12.05617062 12.05617062 12.05617062 12.05617062
10.88944443 10.88944443 10.88944443 10.88944443 10.88944443 10.88944443 10.88944443 10.88944443 10.88944443
