SWAN   1
$ synthetic boundary spectra (validation)
LOCATIONS
     2
         0.000          0.000
         0.000      20000.000
AFREQ
    25
    0.0500000000
    0.0566473486
    0.0641784421
    0.0727107717
    0.0823774486
    0.0933292810
    0.1057371263
    0.1197945572
    0.1357208808
    0.1537645610
    0.1742070939
    0.1973673995
    0.2236067977
    0.2533346445
    0.2870147185
    0.3251724563
    0.3684031499
    0.4173812332
    0.4728708045
    0.5357375463
    0.6069622310
    0.6876560219
    0.7790778081
    0.8826538438
    1.0000000000
CDIR
    24
    0.000000
   15.000000
   30.000000
   45.000000
   60.000000
   75.000000
   90.000000
  105.000000
  120.000000
  135.000000
  150.000000
  165.000000
  180.000000
  195.000000
  210.000000
  225.000000
  240.000000
  255.000000
  270.000000
  285.000000
  300.000000
  315.000000
  330.000000
  345.000000
QUANT
     1
VaDens
m2/Hz/degr
   -0.9900E+02
FACTOR
  2.801618003354E-11
0 0 0 0 0 0 0 0 0 0 0 0 0 0 0 0 0 0 0 0 0 0 0 0
0 0 0 0 0 0 0 0 0 0 0 0 0 0 0 0 0 0 0 0 0 0 0 0
0 0 0 0 0 0 0 0 0 0 0 0 0 0 0 0 0 0 0 0 0 0 0 0
0 0 0 0 0 0 0 0 0 0 0 0 0 0 0 0 0 0 0 0 0 0 0 0
3 3 2 2 1 0 0 0 0 0 0 0 0 0 0 0 0 0 0 0 1 2 2 3
6793 6234 4803 3078 1612 671 212 47 7 0 0 0 0 0 0 0 7 47 212 671 1612 3078 4803 6234
538259 493943 380565 243862 127731 53169 16821 3762 526 36 1 0 0 0 1 36 526 3762 16821 53169 127731 243862 380565 493943
5986724 5493826 4232793 2712331 1420678 591365 187085 41847 5846 403 8 0 0 0 8 403 5846 41847 187085 591365 1420678 2712331 4232793 5493826
20930529 19207280 14798510 9482736 4966913 2067506 654079 146302 20440 1410 28 0 0 0 28 1410 20440 146302 654079 2067506 4966913 9482736 14798510 19207280
63224017 58018667 44701271 28644124 15003356 6245233 1975751 441930 61742 4259 85 0 0 0 85 4259 61742 441930 1975751 6245233 15003356 28644124 44701271 58018667
100000000 91766816 70702990 45305764 23730469 9877944 3125000 698991 97656 6736 135 0 0 0 135 6736 97656 698991 3125000 9877944 23730469 45305764 70702990 91766816
32702654 30010184 23121754 14816187 7760493 3230350 1021958 228588 31936 2203 44 0 0 0 44 2203 31936 228588 1021958 3230350 7760493 14816187 23121754 30010184
19434539 17834458 13740800 8804966 4611907 1919733 607329 135846 18979 1309 26 0 0 0 26 1309 18979 135846 607329 1919733 4611907 8804966 13740800 17834458
12105851 11109154 8559199 5484648 2872775 1195809 378308 84619 11822 815 16 0 0 0 16 815 11822 84619 378308 1195809 2872775 5484648 8559199 11109154
7110799 6525354 5027548 3221602 1687426 702401 222212 49704 6944 479 10 0 0 0 10 479 6944 49704 222212 702401 1687426 3221602 5027548 6525354
4028389 3696724 2848191 1825092 955956 397922 125887 28158 3934 271 5 0 0 0 5 271 3934 28158 125887 397922 955956 1825092 2848191 3696724
2232590 2048777 1578508 1011492 529804 220534 69768 15606 2180 150 3 0 0 0 3 150 2180 15606 69768 220534 529804 1011492 1578508 2048777
1220953 1120429 863250 553162 289738 120605 38155 8534 1192 82 2 0 0 0 2 82 1192 8534 38155 120605 289738 553162 863250 1120429
662332 607801 468289 300075 157175 65425 20698 4630 647 45 1 0 0 0 1 45 647 4630 20698 65425 157175 300075 468289 607801
357537 328100 252789 161985 84845 35317 11173 2499 349 24 0 0 0 0 0 24 349 2499 11173 35317 84845 161985 252789 328100
192429 176586 136053 87182 45664 19008 6013 1345 188 13 0 0 0 0 0 13 188 1345 6013 19008 45664 87182 136053 176586
103380 94868 73093 46837 24533 10212 3231 723 101 7 0 0 0 0 0 7 101 723 3231 10212 24533 46837 73093 94868
55479 50911 39225 25135 13165 5480 1734 388 54 4 0 0 0 0 0 4 54 388 1734 5480 13165 25135 39225 50911
29753 27303 21036 13480 7060 2939 930 208 29 2 0 0 0 0 0 2 29 208 930 2939 7060 13480 21036 27303
15949 14636 11277 7226 3785 1575 498 111 16 1 0 0 0 0 0 1 16 111 498 1575 3785 7226 11277 14636
FACTOR
  7.231725541985E-11
0 0 0 0 0 0 0 0 0 0 0 0 0 0 0 0 0 0 0 0 0 0 0 0
0 0 0 0 0 0 0 0 0 0 0 0 0 0 0 0 0 0 0 0 0 0 0 0
0 0 0 0 0 0 0 0 0 0 0 0 0 0 0 0 0 0 0 0 0 0 0 0
29 34 33 27 18 10 5 2 0 0 0 0 0 0 0 0 0 0 0 1 2 6 13 21
23790 27463 26689 21812 14885 8359 3772 1316 334 56 5 0 0 0 0 0 1 12 107 549 1929 5049 10367 17262
1084215 1251600 1216307 994068 678358 380969 171888 59967 15215 2534 230 8 0 0 0 0 28 557 4870 25028 87931 230087 472452 786676
8627484 9959421 9678584 7910150 5397936 3031509 1367775 477176 121072 20162 1827 61 0 0 0 2 220 4430 38751 199160 699696 1830887 3759471 6259860
25794546 29776785 28937137 23649852 16138808 9063638 4089390 1426665 361983 60281 5464 182 1 0 0 7 658 13246 115858 595452 2091958 5474005 11240106 18715796
86626363 100000000 97180191 79423792 54199297 30438604 13733483 4791200 1215655 202442 18349 610 3 0 0 23 2211 44483 389089 1999719 7025466 18383466 37747883 62853650
77333144 89272066 86754765 70903261 48384832 27173171 12260164 4277204 1085241 180724 16381 545 2 0 0 20 1974 39711 347347 1785190 6271779 16411300 33698315 56110752
27606245 31868180 30969558 25310917 17272330 9700229 4376611 1526868 387407 64515 5848 194 1 0 0 7 705 14176 123995 637274 2238888 5858476 12029563 20030314
17377332 20060096 19494440 15932489 10872431 6106013 2754950 961119 243862 40610 3681 122 1 0 0 5 444 8923 78052 401146 1409315 3687741 7572262 12608503
10652093 12296595 11949854 9766422 6664668 3742912 1688751 589154 149484 24893 2256 75 0 0 0 3 272 5470 47845 245897 863893 2260540 4641704 7728859
6193462 7149627 6948021 5678505 3875048 2176247 981893 342553 86915 14474 1312 44 0 0 0 2 158 3180 27818 142972 502295 1314349 2698833 4493802
3487072 4025417 3911908 3197139 2181748 1225281 552830 192866 48935 8149 739 25 0 0 0 1 89 1791 15662 80497 282804 740011 1519510 2530121
1925344 2222585 2159912 1765261 1204625 676524 305238 106488 27019 4499 408 14 0 0 0 1 49 989 8648 44445 156147 408588 838979 1396976
1050531 1212715 1178519 963185 657283 369134 166548 58104 14742 2455 223 7 0 0 0 0 27 539 4719 24251 85199 222939 457774 762236
569096 656955 638430 521778 356065 199968 90223 31476 7986 1330 121 4 0 0 0 0 15 292 2556 13137 46154 120771 247986 412920
306949 354336 344345 281427 192048 107855 48663 16977 4308 717 65 2 0 0 0 0 8 158 1379 7086 24894 65139 133754 222713
165118 190610 185235 151389 103309 58019 26177 9132 2317 386 35 1 0 0 0 0 4 85 742 3812 13391 35041 71951 119805
88680 102371 99484 81307 55484 31160 14059 4905 1244 207 19 1 0 0 0 0 2 46 398 2047 7192 18819 38643 64344
47581 54927 53378 43625 29770 16719 7543 2632 668 111 10 0 0 0 0 0 1 24 214 1098 3859 10097 20734 34523
25514 29453 28623 23393 15963 8965 4045 1411 358 60 5 0 0 0 0 0 1 13 115 589 2069 5415 11118 18512
13677 15788 15343 12539 8557 4806 2168 756 192 32 3 0 0 0 0 0 0 7 61 316 1109 2902 5960 9923
7329 8461 8222 6720 4586 2575 1162 405 103 17 2 0 0 0 0 0 0 4 33 169 594 1555 3194 5318
