# t [s]  eta [m]: 0.25 cos(2 pi t/600 - 90 deg), sampled every 10 s
0.0 0.00000000
10.0 0.02613212
20.0 0.05197792
30.0 0.07725425
40.0 0.10168416
50.0 0.12500000
60.0 0.14694631
70.0 0.16728265
80.0 0.18578621
90.0 0.20225425
100.0 0.21650635
110.0 0.22838636
120.0 0.23776413
130.0 0.24453690
140.0 0.24863047
150.0 0.25000000
160.0 0.24863047
170.0 0.24453690
180.0 0.23776413
190.0 0.22838636
200.0 0.21650635
210.0 0.20225425
220.0 0.18578621
230.0 0.16728265
240.0 0.14694631
250.0 0.12500000
260.0 0.10168416
270.0 0.07725425
280.0 0.05197792
290.0 0.02613212
300.0 0.00000000
310.0 -0.02613212
320.0 -0.05197792
330.0 -0.07725425
340.0 -0.10168416
350.0 -0.12500000
360.0 -0.14694631
370.0 -0.16728265
380.0 -0.18578621
390.0 -0.20225425
400.0 -0.21650635
410.0 -0.22838636
420.0 -0.23776413
430.0 -0.24453690
440.0 -0.24863047
450.0 -0.25000000
460.0 -0.24863047
470.0 -0.24453690
480.0 -0.23776413
490.0 -0.22838636
500.0 -0.21650635
510.0 -0.20225425
520.0 -0.18578621
530.0 -0.16728265
540.0 -0.14694631
550.0 -0.12500000
560.0 -0.10168416
570.0 -0.07725425
580.0 -0.05197792
590.0 -0.02613212
600.0 -0.00000000
610.0 0.02613212
620.0 0.05197792
630.0 0.07725425
640.0 0.10168416
650.0 0.12500000
660.0 0.14694631
670.0 0.16728265
680.0 0.18578621
690.0 0.20225425
700.0 0.21650635
710.0 0.22838636
720.0 0.23776413
730.0 0.24453690
740.0 0.24863047
750.0 0.25000000
760.0 0.24863047
770.0 0.24453690
780.0 0.23776413
790.0 0.22838636
800.0 0.21650635
810.0 0.20225425
820.0 0.18578621
830.0 0.16728265
840.0 0.14694631
850.0 0.12500000
860.0 0.10168416
870.0 0.07725425
880.0 0.05197792
890.0 0.02613212
900.0 0.00000000
910.0 -0.02613212
920.0 -0.05197792
930.0 -0.07725425
940.0 -0.10168416
950.0 -0.12500000
960.0 -0.14694631
970.0 -0.16728265
980.0 -0.18578621
990.0 -0.20225425
1000.0 -0.21650635
1010.0 -0.22838636
1020.0 -0.23776413
1030.0 -0.24453690
1040.0 -0.24863047
1050.0 -0.25000000
1060.0 -0.24863047
1070.0 -0.24453690
1080.0 -0.23776413
1090.0 -0.22838636
1100.0 -0.21650635
1110.0 -0.20225425
1120.0 -0.18578621
1130.0 -0.16728265
1140.0 -0.14694631
1150.0 -0.12500000
1160.0 -0.10168416
1170.0 -0.07725425
1180.0 -0.05197792
1190.0 -0.02613212
1200.0 -0.00000000
1210.0 0.02613212
1220.0 0.05197792
1230.0 0.07725425
1240.0 0.10168416
1250.0 0.12500000
1260.0 0.14694631
1270.0 0.16728265
1280.0 0.18578621
1290.0 0.20225425
1300.0 0.21650635
1310.0 0.22838636
1320.0 0.23776413
1330.0 0.24453690
1340.0 0.24863047
1350.0 0.25000000
1360.0 0.24863047
1370.0 0.24453690
1380.0 0.23776413
1390.0 0.22838636
1400.0 0.21650635
1410.0 0.20225425
1420.0 0.18578621
1430.0 0.16728265
1440.0 0.14694631
1450.0 0.12500000
1460.0 0.10168416
1470.0 0.07725425
1480.0 0.05197792
1490.0 0.02613212
1500.0 0.00000000
1510.0 -0.02613212
1520.0 -0.05197792
1530.0 -0.07725425
1540.0 -0.10168416
1550.0 -0.12500000
1560.0 -0.14694631
1570.0 -0.16728265
1580.0 -0.18578621
1590.0 -0.20225425
1600.0 -0.21650635
1610.0 -0.22838636
1620.0 -0.23776413
1630.0 -0.24453690
1640.0 -0.24863047
1650.0 -0.25000000
1660.0 -0.24863047
1670.0 -0.24453690
1680.0 -0.23776413
1690.0 -0.22838636
1700.0 -0.21650635
1710.0 -0.20225425
1720.0 -0.18578621
1730.0 -0.16728265
1740.0 -0.14694631
1750.0 -0.12500000
1760.0 -0.10168416
1770.0 -0.07725425
1780.0 -0.05197792
1790.0 -0.02613212
1800.0 -0.00000000
1810.0 0.02613212
1820.0 0.05197792
1830.0 0.07725425
1840.0 0.10168416
1850.0 0.12500000
1860.0 0.14694631
1870.0 0.16728265
1880.0 0.18578621
1890.0 0.20225425
1900.0 0.21650635
1910.0 0.22838636
1920.0 0.23776413
1930.0 0.24453690
1940.0 0.24863047
1950.0 0.25000000
1960.0 0.24863047
1970.0 0.24453690
1980.0 0.23776413
1990.0 0.22838636
2000.0 0.21650635
2010.0 0.20225425
2020.0 0.18578621
2030.0 0.16728265
2040.0 0.14694631
2050.0 0.12500000
2060.0 0.10168416
2070.0 0.07725425
2080.0 0.05197792
2090.0 0.02613212
2100.0 -0.00000000
2110.0 -0.02613212
2120.0 -0.05197792
2130.0 -0.07725425
2140.0 -0.10168416
2150.0 -0.12500000
2160.0 -0.14694631
2170.0 -0.16728265
2180.0 -0.18578621
2190.0 -0.20225425
2200.0 -0.21650635
2210.0 -0.22838636
2220.0 -0.23776413
2230.0 -0.24453690
2240.0 -0.24863047
2250.0 -0.25000000
2260.0 -0.24863047
2270.0 -0.24453690
2280.0 -0.23776413
2290.0 -0.22838636
2300.0 -0.21650635
2310.0 -0.20225425
2320.0 -0.18578621
2330.0 -0.16728265
2340.0 -0.14694631
2350.0 -0.12500000
2360.0 -0.10168416
2370.0 -0.07725425
2380.0 -0.05197792
2390.0 -0.02613212
2400.0 -0.00000000
2410.0 0.02613212
2420.0 0.05197792
2430.0 0.07725425
2440.0 0.10168416
2450.0 0.12500000
2460.0 0.14694631
2470.0 0.16728265
2480.0 0.18578621
2490.0 0.20225425
2500.0 0.21650635
2510.0 0.22838636
2520.0 0.23776413
2530.0 0.24453690
2540.0 0.24863047
2550.0 0.25000000
2560.0 0.24863047
2570.0 0.24453690
2580.0 0.23776413
2590.0 0.22838636
2600.0 0.21650635
2610.0 0.20225425
2620.0 0.18578621
2630.0 0.16728265
2640.0 0.14694631
2650.0 0.12500000
2660.0 0.10168416
2670.0 0.07725425
2680.0 0.05197792
2690.0 0.02613212
2700.0 -0.00000000
2710.0 -0.02613212
2720.0 -0.05197792
2730.0 -0.07725425
2740.0 -0.10168416
2750.0 -0.12500000
2760.0 -0.14694631
2770.0 -0.16728265
2780.0 -0.18578621
2790.0 -0.20225425
2800.0 -0.21650635
2810.0 -0.22838636
2820.0 -0.23776413
2830.0 -0.24453690
2840.0 -0.24863047
2850.0 -0.25000000
2860.0 -0.24863047
2870.0 -0.24453690
2880.0 -0.23776413
2890.0 -0.22838636
2900.0 -0.21650635
2910.0 -0.20225425
2920.0 -0.18578621
2930.0 -0.16728265
2940.0 -0.14694631
2950.0 -0.12500000
2960.0 -0.10168416
2970.0 -0.07725425
2980.0 -0.05197792
2990.0 -0.02613212
3000.0 -0.00000000
3010.0 0.02613212
3020.0 0.05197792
3030.0 0.07725425
3040.0 0.10168416
3050.0 0.12500000
3060.0 0.14694631
3070.0 0.16728265
3080.0 0.18578621
3090.0 0.20225425
3100.0 0.21650635
3110.0 0.22838636
3120.0 0.23776413
3130.0 0.24453690
3140.0 0.24863047
3150.0 0.25000000
3160.0 0.24863047
3170.0 0.24453690
3180.0 0.23776413
3190.0 0.22838636
3200.0 0.21650635
3210.0 0.20225425
3220.0 0.18578621
3230.0 0.16728265
3240.0 0.14694631
3250.0 0.12500000
3260.0 0.10168416
3270.0 0.07725425
3280.0 0.05197792
3290.0 0.02613212
3300.0 -0.00000000
3310.0 -0.02613212
3320.0 -0.05197792
3330.0 -0.07725425
3340.0 -0.10168416
3350.0 -0.12500000
3360.0 -0.14694631
3370.0 -0.16728265
3380.0 -0.18578621
3390.0 -0.20225425
3400.0 -0.21650635
3410.0 -0.22838636
3420.0 -0.23776413
3430.0 -0.24453690
3440.0 -0.24863047
3450.0 -0.25000000
3460.0 -0.24863047
3470.0 -0.24453690
3480.0 -0.23776413
3490.0 -0.22838636
3500.0 -0.21650635
3510.0 -0.20225425
3520.0 -0.18578621
3530.0 -0.16728265
3540.0 -0.14694631
3550.0 -0.12500000
3560.0 -0.10168416
3570.0 -0.07725425
3580.0 -0.05197792
3590.0 -0.02613212
3600.0 -0.00000000
3610.0 0.02613212
3620.0 0.05197792
3630.0 0.07725425
3640.0 0.10168416
3650.0 0.12500000
3660.0 0.14694631
3670.0 0.16728265
3680.0 0.18578621
3690.0 0.20225425
3700.0 0.21650635
3710.0 0.22838636
3720.0 0.23776413
3730.0 0.24453690
3740.0 0.24863047
3750.0 0.25000000
3760.0 0.24863047
3770.0 0.24453690
3780.0 0.23776413
3790.0 0.22838636
3800.0 0.21650635
3810.0 0.20225425
3820.0 0.18578621
3830.0 0.16728265
3840.0 0.14694631
3850.0 0.12500000
3860.0 0.10168416
3870.0 0.07725425
3880.0 0.05197792
3890.0 0.02613212
3900.0 -0.00000000
3910.0 -0.02613212
3920.0 -0.05197792
3930.0 -0.07725425
3940.0 -0.10168416
3950.0 -0.12500000
3960.0 -0.14694631
3970.0 -0.16728265
3980.0 -0.18578621
3990.0 -0.20225425
4000.0 -0.21650635
