C 11 21
C 12 3
C 13 3
C 14 21
C 15 21
C 16 21

B 1 0.005
B 10 0.0 0.3 0.0 0.005 -0.1 0.1

T 10 -0.1 0.4 -0.1 0.1 -0.2 -0.08
T 10 -0.1 0.1 -0.1 0.1 -0.2 -0.02
T 10 0.1000 0.1050 -0.1 0.1 -0.2 -0.02210
T 10 0.1050 0.1100 -0.1 0.1 -0.2 -0.02629
T 10 0.1100 0.1150 -0.1 0.1 -0.2 -0.03049
T 10 0.1150 0.1200 -0.1 0.1 -0.2 -0.03468
T 10 0.1200 0.1250 -0.1 0.1 -0.2 -0.03888
T 10 0.1250 0.1300 -0.1 0.1 -0.2 -0.04308
T 10 0.1300 0.1350 -0.1 0.1 -0.2 -0.04727
T 10 0.1350 0.1400 -0.1 0.1 -0.2 -0.05147
T 10 0.1400 0.1450 -0.1 0.1 -0.2 -0.05566
T 10 0.1450 0.1500 -0.1 0.1 -0.2 -0.05986
T 10 0.1500 0.1550 -0.1 0.1 -0.2 -0.06405
T 10 0.1550 0.1600 -0.1 0.1 -0.2 -0.06825
T 10 0.1600 0.1650 -0.1 0.1 -0.2 -0.07244
T 10 0.1650 0.1700 -0.1 0.1 -0.2 -0.07664

M 10 1
