A 10 2

B 90 1
B 92 0

B 510 2 3 0.0 0.0
B 514 2 0.0 0.0 0.0

B 520 1 6 0
B 521 1 1 0.0 0.0 0.0
B 525 1 40.0 300.0

B 520 2 5 0
B 521 2 2 0.0 0.0 0.0
B 523 2 2

B 529 20

F 60 10.0

N 41 3600.0
N 47 0.5

M 10 2

P 51 100.0 10.0
P 51 200.0 10.0
P 51 300.0 10.0
P 51 400.0 10.0
P 51 500.0 10.0
P 51 600.0 10.0
P 51 700.0 10.0
P 51 800.0 10.0
P 51 900.0 10.0
P 51 1000.0 10.0
P 51 1100.0 10.0
P 51 1200.0 10.0
P 51 1300.0 10.0
P 51 1400.0 10.0
P 51 1500.0 10.0
P 51 1600.0 10.0
P 51 1700.0 10.0
P 51 1800.0 10.0
P 51 1900.0 10.0
P 51 2000.0 10.0
P 51 2100.0 10.0
P 51 2200.0 10.0
P 51 2300.0 10.0
P 51 2400.0 10.0
P 51 2500.0 10.0
P 51 2600.0 10.0
P 51 2700.0 10.0
P 51 2800.0 10.0
P 51 2900.0 10.0

P 65 1500.0 10.0 5.0
P 65 2900.0 10.0 5.0
P 67 1500.0 10.0
P 54 2000

W 22 -9.81
