A 10 3
A 310 3
A 311 4
A 343 0
B 92 4
N 47 1.0
B 90 1
B 93 0.0464 1.0
B 96 1.5 3.0
B 98 2
B 99 1
F 60 0.45
N 41 30.0
M 10 16
P 12 100
W 22 -9.81
P 51 11.0000 5.2500
P 51 11.0000 5.7500
P 51 11.0000 6.2500
P 51 11.0000 6.7500
P 51 11.0000 7.2500
P 51 11.0000 7.5000
P 51 11.0000 7.7500
P 51 11.0000 8.0000
P 51 11.0000 8.2500
P 51 11.0000 8.5000
P 51 11.0000 8.7500
P 51 11.0000 9.0000
P 51 11.0000 9.2500
P 51 11.0000 9.5000
P 51 11.0000 9.7500
P 51 11.0000 10.0000
P 51 11.0000 10.2500
P 51 11.0000 10.5000
P 51 11.0000 10.7500
P 51 11.0000 11.0000
P 51 11.0000 11.2500
P 51 11.0000 11.7500
P 51 11.0000 12.2500
P 51 11.0000 12.7500
P 51 11.0000 13.2500
P 51 11.0000 13.7500
P 51 11.0000 14.2500
P 51 11.0000 14.7500
P 51 13.0000 5.2500
P 51 13.0000 5.7500
P 51 13.0000 6.2500
P 51 13.0000 6.7500
P 51 13.0000 7.2500
P 51 13.0000 7.5000
P 51 13.0000 7.7500
P 51 13.0000 8.0000
P 51 13.0000 8.2500
P 51 13.0000 8.5000
P 51 13.0000 8.7500
P 51 13.0000 9.0000
P 51 13.0000 9.2500
P 51 13.0000 9.5000
P 51 13.0000 9.7500
P 51 13.0000 10.0000
P 51 13.0000 10.2500
P 51 13.0000 10.5000
P 51 13.0000 10.7500
P 51 13.0000 11.0000
P 51 13.0000 11.2500
P 51 13.0000 11.7500
P 51 13.0000 12.2500
P 51 13.0000 12.7500
P 51 13.0000 13.2500
P 51 13.0000 13.7500
P 51 13.0000 14.2500
P 51 13.0000 14.7500
P 51 15.0000 5.2500
P 51 15.0000 5.7500
P 51 15.0000 6.2500
P 51 15.0000 6.7500
P 51 15.0000 7.2500
P 51 15.0000 7.5000
P 51 15.0000 7.7500
P 51 15.0000 8.0000
P 51 15.0000 8.2500
P 51 15.0000 8.5000
P 51 15.0000 8.7500
P 51 15.0000 9.0000
P 51 15.0000 9.2500
P 51 15.0000 9.5000
P 51 15.0000 9.7500
P 51 15.0000 10.0000
P 51 15.0000 10.2500
P 51 15.0000 10.5000
P 51 15.0000 10.7500
P 51 15.0000 11.0000
P 51 15.0000 11.2500
P 51 15.0000 11.7500
P 51 15.0000 12.2500
P 51 15.0000 12.7500
P 51 15.0000 13.2500
P 51 15.0000 13.7500
P 51 15.0000 14.2500
P 51 15.0000 14.7500
P 51 17.0000 5.2500
P 51 17.0000 5.7500
P 51 17.0000 6.2500
P 51 17.0000 6.7500
P 51 17.0000 7.2500
P 51 17.0000 7.5000
P 51 17.0000 7.7500
P 51 17.0000 8.0000
P 51 17.0000 8.2500
P 51 17.0000 8.5000
P 51 17.0000 8.7500
P 51 17.0000 9.0000
P 51 17.0000 9.2500
P 51 17.0000 9.5000
P 51 17.0000 9.7500
P 51 17.0000 10.0000
P 51 17.0000 10.2500
P 51 17.0000 10.5000
P 51 17.0000 10.7500
P 51 17.0000 11.2500
P 51 17.0000 11.7500
P 51 17.0000 12.2500
P 51 17.0000 12.7500
P 51 17.0000 13.2500
P 51 17.0000 13.7500
P 51 17.0000 14.2500
P 51 17.0000 14.7500
P 51 19.0000 5.2500
P 51 19.0000 5.7500
P 51 19.0000 6.2500
P 51 19.0000 6.7500
P 51 19.0000 7.2500
P 51 19.0000 7.5000
P 51 19.0000 7.7500
P 51 19.0000 8.0000
P 51 19.0000 8.2500
P 51 19.0000 8.5000
P 51 19.0000 8.7500
P 51 19.0000 9.0000
P 51 19.0000 9.2500
P 51 19.0000 9.5000
P 51 19.0000 9.7500
P 51 19.0000 10.0000
P 51 19.0000 10.2500
P 51 19.0000 10.5000
P 51 19.0000 10.7500
P 51 19.0000 11.0000
P 51 19.0000 11.2500
P 51 19.0000 11.7500
P 51 19.0000 12.2500
P 51 19.0000 12.7500
P 51 19.0000 13.2500
P 51 19.0000 13.7500
P 51 19.0000 14.2500
P 51 19.0000 14.7500
P 51 10.0000 8.0000
P 51 10.5000 8.0000
P 51 11.5000 8.0000
P 51 12.0000 8.0000
P 51 12.5000 8.0000
P 51 13.5000 8.0000
P 51 14.0000 8.0000
P 51 14.5000 8.0000
P 51 15.5000 8.0000
P 51 16.0000 8.0000
P 51 16.5000 8.0000
P 51 17.5000 8.0000
P 51 18.0000 8.0000
P 51 18.5000 8.0000
P 51 19.5000 8.0000
P 51 20.0000 8.0000
P 51 20.5000 8.0000
P 51 21.0000 8.0000
P 51 10.0000 10.0000
P 51 10.5000 10.0000
P 51 11.5000 10.0000
P 51 12.0000 10.0000
P 51 12.5000 10.0000
P 51 13.5000 10.0000
P 51 14.0000 10.0000
P 51 14.5000 10.0000
P 51 15.5000 10.0000
P 51 16.0000 10.0000
P 51 16.5000 10.0000
P 51 17.5000 10.0000
P 51 18.0000 10.0000
P 51 18.5000 10.0000
P 51 19.5000 10.0000
P 51 20.0000 10.0000
P 51 20.5000 10.0000
P 51 21.0000 10.0000
P 51 10.0000 12.0000
P 51 10.5000 12.0000
P 51 11.0000 12.0000
P 51 11.5000 12.0000
P 51 12.0000 12.0000
P 51 12.5000 12.0000
P 51 13.0000 12.0000
P 51 13.5000 12.0000
P 51 14.0000 12.0000
P 51 14.5000 12.0000
P 51 15.0000 12.0000
P 51 15.5000 12.0000
P 51 16.0000 12.0000
P 51 16.5000 12.0000
P 51 17.0000 12.0000
P 51 17.5000 12.0000
P 51 18.0000 12.0000
P 51 18.5000 12.0000
P 51 19.0000 12.0000
P 51 19.5000 12.0000
P 51 20.0000 12.0000
P 51 20.5000 12.0000
P 51 21.0000 12.0000
