A 10 2
B 90 1
B 92 2
B 93 0.200000 7.269149
B 96 94.247780 60.000000
B 98 2
B 99 6
F 60 10.0
N 41 327.1117
N 47 0.5
M 10 1
W 22 -9.81
P 51 188.4956 1.256637
P 51 191.6372 1.256637
P 51 194.7787 1.256637
P 51 197.9203 1.256637
P 51 201.0619 1.256637
P 51 204.2035 1.256637
P 51 207.3451 1.256637
P 51 210.4867 1.256637
P 51 213.6283 1.256637
P 51 216.7699 1.256637
P 51 219.9115 1.256637
P 51 223.0531 1.256637
P 51 226.1947 1.256637
P 51 229.3363 1.256637
P 51 232.4779 1.256637
P 51 235.6194 1.256637
P 51 238.7610 1.256637
P 51 241.9026 1.256637
P 51 245.0442 1.256637
P 51 248.1858 1.256637
P 51 251.3274 1.256637
P 51 254.4690 1.256637
P 51 257.6106 1.256637
P 51 260.7522 1.256637
P 51 263.8938 1.256637
P 51 267.0354 1.256637
P 51 270.1770 1.256637
P 51 273.3186 1.256637
P 51 276.4602 1.256637
P 51 279.6017 1.256637
P 51 282.7433 1.256637
P 51 285.8849 1.256637
P 51 289.0265 1.256637
P 51 292.1681 1.256637
P 51 295.3097 1.256637
P 51 298.4513 1.256637
P 51 301.5929 1.256637
P 51 304.7345 1.256637
P 51 307.8761 1.256637
P 51 311.0177 1.256637
P 51 314.1593 1.256637
