regression: slope 30 m -> 6 m with a Gaussian island (bed level z)
121 61
0 0 50 50
-30.00 -29.80 -29.60 -29.40 -29.20 -29.00 -28.80 -28.60 -28.40 -28.20 -28.00 -27.80 -27.60 -27.40 -27.20 -27.00 -26.80 -26.60 -26.40 -26.20 -26.00 -25.80 -25.60 -25.40 -25.20 -25.00 -24.80 -24.60 -24.40 -24.20 -24.00 -23.80 -23.60 -23.40 -23.20 -23.00 -22.80 -22.60 -22.40 -22.20 -22.00 -21.80 -21.60 -21.40 -21.20 -21.00 -20.80 -20.60 -20.40 -20.20 -20.00 -19.80 -19.60 -19.40 -19.20 -19.00 -18.79 -18.59 -18.39 -18.19 -17.99 -17.78 -17.58 -17.38 -17.18 -16.98 -16.78 -16.57 -16.37 -16.17 -15.97 -15.77 -15.57 -15.37 -15.18 -14.98 -14.78 -14.58 -14.38 -14.18 -13.99 -13.79 -13.59 -13.39 -13.19 -13.00 -12.80 -12.60 -12.40 -12.20 -12.00 -11.80 -11.60 -11.40 -11.20 -11.00 -10.80 -10.60 -10.40 -10.20 -10.00 -9.80 -9.60 -9.40 -9.20 -9.00 -8.80 -8.60 -8.40 -8.20 -8.00 -7.80 -7.60 -7.40 -7.20 -7.00 -6.80 -6.60 -6.40 -6.20 -6.00
-30.00 -29.80 -29.60 -29.40 -29.20 -29.00 -28.80 -28.60 -28.40 -28.20 -28.00 -27.80 -27.60 -27.40 -27.20 -27.00 -26.80 -26.60 -26.40 -26.20 -26.00 -25.80 -25.60 -25.40 -25.20 -25.00 -24.80 -24.60 -24.40 -24.20 -24.00 -23.80 -23.60 -23.40 -23.20 -23.00 -22.80 -22.60 -22.40 -22.20 -22.00 -21.80 -21.60 -21.40 -21.20 -21.00 -20.80 -20.60 -20.40 -20.20 -20.00 -19.80 -19.60 -19.40 -19.19 -18.99 -18.79 -18.59 -18.39 -18.18 -17.98 -17.78 -17.57 -17.37 -17.17 -16.96 -16.76 -16.56 -16.36 -16.16 -15.96 -15.76 -15.56 -15.36 -15.16 -14.96 -14.77 -14.57 -14.37 -14.18 -13.98 -13.78 -13.59 -13.39 -13.19 -12.99 -12.79 -12.60 -12.40 -12.20 -12.00 -11.80 -11.60 -11.40 -11.20 -11.00 -10.80 -10.60 -10.40 -10.20 -10.00 -9.80 -9.60 -9.40 -9.20 -9.00 -8.80 -8.60 -8.40 -8.20 -8.00 -7.80 -7.60 -7.40 -7.20 -7.00 -6.80 -6.60 -6.40 -6.20 -6.00
-30.00 -29.80 -29.60 -29.40 -29.20 -29.00 -28.80 -28.60 -28.40 -28.20 -28.00 -27.80 -27.60 -27.40 -27.20 -27.00 -26.80 -26.60 -26.40 -26.20 -26.00 -25.80 -25.60 -25.40 -25.20 -25.00 -24.80 -24.60 -24.40 -24.20 -24.00 -23.80 -23.60 -23.40 -23.20 -23.00 -22.80 -22.60 -22.40 -22.20 -22.00 -21.80 -21.60 -21.40 -21.20 -21.00 -20.80 -20.60 -20.40 -20.20 -20.00 -19.80 -19.59 -19.39 -19.19 -18.99 -18.78 -18.58 -18.38 -18.17 -17.97 -17.76 -17.56 -17.35 -17.15 -16.94 -16.74 -16.53 -16.33 -16.13 -15.93 -15.73 -15.53 -15.33 -15.14 -14.94 -14.75 -14.55 -14.36 -14.16 -13.97 -13.77 -13.58 -13.38 -13.18 -12.99 -12.79 -12.59 -12.39 -12.20 -12.00 -11.80 -11.60 -11.40 -11.20 -11.00 -10.80 -10.60 -10.40 -10.20 -10.00 -9.80 -9.60 -9.40 -9.20 -9.00 -8.80 -8.60 -8.40 -8.20 -8.00 -7.80 -7.60 -7.40 -7.20 -7.00 -6.80 -6.60 -6.40 -6.20 -6.00
-30.00 -29.80 -29.60 -29.40 -29.20 -29.00 -28.80 -28.60 -28.40 -28.20 -28.00 -27.80 -27.60 -27.40 -27.20 -27.00 -26.80 -26.60 -26.40 -26.20 -26.00 -25.80 -25.60 -25.40 -25.20 -25.00 -24.80 -24.60 -24.40 -24.20 -24.00 -23.80 -23.60 -23.40 -23.20 -23.00 -22.80 -22.60 -22.40 -22.20 -22.00 -21.80 -21.60 -21.40 -21.20 -21.00 -20.80 -20.60 -20.40 -20.20 -20.00 -19.79 -19.59 -19.39 -19.19 -18.98 -18.78 -18.57 -18.37 -18.16 -17.95 -17.74 -17.53 -17.33 -17.12 -16.91 -16.71 -16.50 -16.30 -16.09 -15.89 -15.69 -15.50 -15.30 -15.11 -14.91 -14.72 -14.53 -14.33 -14.14 -13.95 -13.76 -13.57 -13.37 -13.18 -12.98 -12.79 -12.59 -12.39 -12.19 -12.00 -11.80 -11.60 -11.40 -11.20 -11.00 -10.80 -10.60 -10.40 -10.20 -10.00 -9.80 -9.60 -9.40 -9.20 -9.00 -8.80 -8.60 -8.40 -8.20 -8.00 -7.80 -7.60 -7.40 -7.20 -7.00 -6.80 -6.60 -6.40 -6.20 -6.00
-30.00 -29.80 -29.60 -29.40 -29.20 -29.00 -28.80 -28.60 -28.40 -28.20 -28.00 -27.80 -27.60 -27.40 -27.20 -27.00 -26.80 -26.60 -26.40 -26.20 -26.00 -25.80 -25.60 -25.40 -25.20 -25.00 -24.80 -24.60 -24.40 -24.20 -24.00 -23.80 -23.60 -23.40 -23.20 -23.00 -22.80 -22.60 -22.40 -22.20 -22.00 -21.80 -21.60 -21.40 -21.20 -21.00 -20.80 -20.60 -20.40 -20.19 -19.99 -19.79 -19.59 -19.38 -19.18 -18.97 -18.76 -18.56 -18.35 -18.14 -17.93 -17.71 -17.50 -17.29 -17.08 -16.87 -16.66 -16.45 -16.24 -16.04 -15.84 -15.64 -15.44 -15.25 -15.06 -14.87 -14.68 -14.49 -14.30 -14.11 -13.93 -13.74 -13.55 -13.36 -13.16 -12.97 -12.78 -12.58 -12.39 -12.19 -11.99 -11.79 -11.60 -11.40 -11.20 -11.00 -10.80 -10.60 -10.40 -10.20 -10.00 -9.80 -9.60 -9.40 -9.20 -9.00 -8.80 -8.60 -8.40 -8.20 -8.00 -7.80 -7.60 -7.40 -7.20 -7.00 -6.80 -6.60 -6.40 -6.20 -6.00
-30.00 -29.80 -29.60 -29.40 -29.20 -29.00 -28.80 -28.60 -28.40 -28.20 -28.00 -27.80 -27.60 -27.40 -27.20 -27.00 -26.80 -26.60 -26.40 -26.20 -26.00 -25.80 -25.60 -25.40 -25.20 -25.00 -24.80 -24.60 -24.40 -24.20 -24.00 -23.80 -23.60 -23.40 -23.20 -23.00 -22.80 -22.60 -22.40 -22.20 -22.00 -21.80 -21.60 -21.40 -21.20 -21.00 -20.80 -20.60 -20.39 -20.19 -19.99 -19.79 -19.58 -19.37 -19.17 -18.96 -18.75 -18.54 -18.32 -18.11 -17.89 -17.67 -17.45 -17.23 -17.02 -16.80 -16.59 -16.37 -16.17 -15.96 -15.76 -15.56 -15.37 -15.17 -14.99 -14.80 -14.62 -14.43 -14.25 -14.07 -13.89 -13.71 -13.52 -13.34 -13.15 -12.96 -12.77 -12.57 -12.38 -12.19 -11.99 -11.79 -11.59 -11.40 -11.20 -11.00 -10.80 -10.60 -10.40 -10.20 -10.00 -9.80 -9.60 -9.40 -9.20 -9.00 -8.80 -8.60 -8.40 -8.20 -8.00 -7.80 -7.60 -7.40 -7.20 -7.00 -6.80 -6.60 -6.40 -6.20 -6.00
-30.00 -29.80 -29.60 -29.40 -29.20 -29.00 -28.80 -28.60 -28.40 -28.20 -28.00 -27.80 -27.60 -27.40 -27.20 -27.00 -26.80 -26.60 -26.40 -26.20 -26.00 -25.80 -25.60 -25.40 -25.20 -25.00 -24.80 -24.60 -24.40 -24.20 -24.00 -23.80 -23.60 -23.40 -23.20 -23.00 -22.80 -22.60 -22.40 -22.20 -22.00 -21.80 -21.60 -21.40 -21.20 -21.00 -20.80 -20.59 -20.39 -20.19 -19.98 -19.78 -19.57 -19.36 -19.15 -18.94 -18.72 -18.51 -18.28 -18.06 -17.84 -17.61 -17.38 -17.16 -16.93 -16.71 -16.49 -16.27 -16.06 -15.85 -15.64 -15.45 -15.26 -15.07 -14.89 -14.71 -14.53 -14.36 -14.18 -14.01 -13.84 -13.66 -13.48 -13.31 -13.12 -12.94 -12.75 -12.56 -12.37 -12.18 -11.98 -11.79 -11.59 -11.39 -11.20 -11.00 -10.80 -10.60 -10.40 -10.20 -10.00 -9.80 -9.60 -9.40 -9.20 -9.00 -8.80 -8.60 -8.40 -8.20 -8.00 -7.80 -7.60 -7.40 -7.20 -7.00 -6.80 -6.60 -6.40 -6.20 -6.00
-30.00 -29.80 -29.60 -29.40 -29.20 -29.00 -28.80 -28.60 -28.40 -28.20 -28.00 -27.80 -27.60 -27.40 -27.20 -27.00 -26.80 -26.60 -26.40 -26.20 -26.00 -25.80 -25.60 -25.40 -25.20 -25.00 -24.80 -24.60 -24.40 -24.20 -24.00 -23.80 -23.60 -23.40 -23.20 -23.00 -22.80 -22.60 -22.40 -22.20 -22.00 -21.80 -21.60 -21.40 -21.20 -21.00 -20.79 -20.59 -20.39 -20.18 -19.98 -19.77 -19.56 -19.35 -19.13 -18.91 -18.69 -18.46 -18.23 -18.00 -17.77 -17.53 -17.29 -17.05 -16.81 -16.58 -16.35 -16.12 -15.90 -15.69 -15.49 -15.29 -15.10 -14.92 -14.75 -14.58 -14.41 -14.25 -14.09 -13.93 -13.77 -13.60 -13.43 -13.26 -13.09 -12.91 -12.73 -12.55 -12.36 -12.17 -11.98 -11.78 -11.59 -11.39 -11.19 -11.00 -10.80 -10.60 -10.40 -10.20 -10.00 -9.80 -9.60 -9.40 -9.20 -9.00 -8.80 -8.60 -8.40 -8.20 -8.00 -7.80 -7.60 -7.40 -7.20 -7.00 -6.80 -6.60 -6.40 -6.20 -6.00
-30.00 -29.80 -29.60 -29.40 -29.20 -29.00 -28.80 -28.60 -28.40 -28.20 -28.00 -27.80 -27.60 -27.40 -27.20 -27.00 -26.80 -26.60 -26.40 -26.20 -26.00 -25.80 -25.60 -25.40 -25.20 -25.00 -24.80 -24.60 -24.40 -24.20 -24.00 -23.80 -23.60 -23.40 -23.20 -23.00 -22.80 -22.60 -22.40 -22.20 -22.00 -21.80 -21.60 -21.40 -21.20 -20.99 -20.79 -20.59 -20.38 -20.18 -19.97 -19.76 -19.54 -19.32 -19.10 -18.87 -18.64 -18.41 -18.16 -17.92 -17.67 -17.41 -17.16 -16.90 -16.65 -16.40 -16.16 -15.92 -15.69 -15.48 -15.27 -15.08 -14.89 -14.72 -14.56 -14.40 -14.25 -14.10 -13.96 -13.81 -13.67 -13.52 -13.36 -13.21 -13.04 -12.87 -12.70 -12.52 -12.34 -12.16 -11.97 -11.78 -11.58 -11.39 -11.19 -10.99 -10.80 -10.60 -10.40 -10.20 -10.00 -9.80 -9.60 -9.40 -9.20 -9.00 -8.80 -8.60 -8.40 -8.20 -8.00 -7.80 -7.60 -7.40 -7.20 -7.00 -6.80 -6.60 -6.40 -6.20 -6.00
-30.00 -29.80 -29.60 -29.40 -29.20 -29.00 -28.80 -28.60 -28.40 -28.20 -28.00 -27.80 -27.60 -27.40 -27.20 -27.00 -26.80 -26.60 -26.40 -26.20 -26.00 -25.80 -25.60 -25.40 -25.20 -25.00 -24.80 -24.60 -24.40 -24.20 -24.00 -23.80 -23.60 -23.40 -23.20 -23.00 -22.80 -22.60 -22.40 -22.20 -22.00 -21.80 -21.60 -21.40 -21.19 -20.99 -20.79 -20.58 -20.38 -20.17 -19.96 -19.74 -19.52 -19.29 -19.06 -18.82 -18.58 -18.33 -18.07 -17.80 -17.53 -17.26 -16.98 -16.70 -16.43 -16.16 -15.90 -15.65 -15.41 -15.19 -14.98 -14.79 -14.61 -14.45 -14.30 -14.16 -14.03 -13.90 -13.78 -13.66 -13.53 -13.40 -13.27 -13.13 -12.98 -12.82 -12.66 -12.49 -12.32 -12.14 -11.96 -11.77 -11.58 -11.38 -11.19 -10.99 -10.79 -10.60 -10.40 -10.20 -10.00 -9.80 -9.60 -9.40 -9.20 -9.00 -8.80 -8.60 -8.40 -8.20 -8.00 -7.80 -7.60 -7.40 -7.20 -7.00 -6.80 -6.60 -6.40 -6.20 -6.00
-30.00 -29.80 -29.60 -29.40 -29.20 -29.00 -28.80 -28.60 -28.40 -28.20 -28.00 -27.80 -27.60 -27.40 -27.20 -27.00 -26.80 -26.60 -26.40 -26.20 -26.00 -25.80 -25.60 -25.40 -25.20 -25.00 -24.80 -24.60 -24.40 -24.20 -24.00 -23.80 -23.60 -23.40 -23.20 -23.00 -22.80 -22.60 -22.40 -22.20 -22.00 -21.80 -21.60 -21.40 -21.19 -20.99 -20.78 -20.58 -20.37 -20.16 -19.94 -19.72 -19.49 -19.25 -19.01 -18.76 -18.50 -18.22 -17.94 -17.65 -17.36 -17.05 -16.75 -16.44 -16.14 -15.84 -15.56 -15.29 -15.04 -14.80 -14.59 -14.40 -14.24 -14.09 -13.96 -13.84 -13.74 -13.64 -13.55 -13.45 -13.36 -13.25 -13.14 -13.02 -12.90 -12.76 -12.61 -12.45 -12.29 -12.12 -11.94 -11.76 -11.57 -11.38 -11.18 -10.99 -10.79 -10.60 -10.40 -10.20 -10.00 -9.80 -9.60 -9.40 -9.20 -9.00 -8.80 -8.60 -8.40 -8.20 -8.00 -7.80 -7.60 -7.40 -7.20 -7.00 -6.80 -6.60 -6.40 -6.20 -6.00
-30.00 -29.80 -29.60 -29.40 -29.20 -29.00 -28.80 -28.60 -28.40 -28.20 -28.00 -27.80 -27.60 -27.40 -27.20 -27.00 -26.80 -26.60 -26.40 -26.20 -26.00 -25.80 -25.60 -25.40 -25.20 -25.00 -24.80 -24.60 -24.40 -24.20 -24.00 -23.80 -23.60 -23.40 -23.20 -23.00 -22.80 -22.60 -22.40 -22.20 -22.00 -21.80 -21.60 -21.39 -21.19 -20.99 -20.78 -20.57 -20.36 -20.14 -19.92 -19.69 -19.45 -19.20 -18.94 -18.67 -18.39 -18.09 -17.78 -17.46 -17.13 -16.79 -16.44 -16.10 -15.76 -15.43 -15.12 -14.82 -14.55 -14.31 -14.09 -13.91 -13.75 -13.62 -13.52 -13.43 -13.36 -13.30 -13.24 -13.19 -13.13 -13.06 -12.98 -12.89 -12.79 -12.67 -12.54 -12.40 -12.25 -12.09 -11.92 -11.74 -11.56 -11.37 -11.18 -10.99 -10.79 -10.59 -10.40 -10.20 -10.00 -9.80 -9.60 -9.40 -9.20 -9.00 -8.80 -8.60 -8.40 -8.20 -8.00 -7.80 -7.60 -7.40 -7.20 -7.00 -6.80 -6.60 -6.40 -6.20 -6.00
-30.00 -29.80 -29.60 -29.40 -29.20 -29.00 -28.80 -28.60 -28.40 -28.20 -28.00 -27.80 -27.60 -27.40 -27.20 -27.00 -26.80 -26.60 -26.40 -26.20 -26.00 -25.80 -25.60 -25.40 -25.20 -25.00 -24.80 -24.60 -24.40 -24.20 -24.00 -23.80 -23.60 -23.40 -23.20 -23.00 -22.80 -22.60 -22.40 -22.20 -22.00 -21.80 -21.59 -21.39 -21.19 -20.98 -20.77 -20.56 -20.34 -20.12 -19.89 -19.65 -19.40 -19.13 -18.86 -18.56 -18.25 -17.92 -17.57 -17.21 -16.83 -16.45 -16.06 -15.66 -15.28 -14.91 -14.55 -14.23 -13.93 -13.67 -13.45 -13.27 -13.13 -13.03 -12.95 -12.91 -12.88 -12.86 -12.86 -12.85 -12.83 -12.81 -12.77 -12.72 -12.65 -12.56 -12.46 -12.33 -12.20 -12.05 -11.89 -11.72 -11.54 -11.36 -11.17 -10.98 -10.79 -10.59 -10.39 -10.20 -10.00 -9.80 -9.60 -9.40 -9.20 -9.00 -8.80 -8.60 -8.40 -8.20 -8.00 -7.80 -7.60 -7.40 -7.20 -7.00 -6.80 -6.60 -6.40 -6.20 -6.00
-30.00 -29.80 -29.60 -29.40 -29.20 -29.00 -28.80 -28.60 -28.40 -28.20 -28.00 -27.80 -27.60 -27.40 -27.20 -27.00 -26.80 -26.60 -26.40 -26.20 -26.00 -25.80 -25.60 -25.40 -25.20 -25.00 -24.80 -24.60 -24.40 -24.20 -24.00 -23.80 -23.60 -23.40 -23.20 -23.00 -22.80 -22.60 -22.40 -22.20 -22.00 -21.80 -21.59 -21.39 -21.18 -20.97 -20.76 -20.55 -20.32 -20.09 -19.85 -19.60 -19.33 -19.05 -18.75 -18.42 -18.08 -17.71 -17.31 -16.90 -16.47 -16.02 -15.57 -15.12 -14.67 -14.25 -13.85 -13.48 -13.16 -12.88 -12.65 -12.48 -12.36 -12.28 -12.25 -12.25 -12.27 -12.32 -12.37 -12.42 -12.47 -12.50 -12.51 -12.51 -12.48 -12.42 -12.35 -12.25 -12.13 -12.00 -11.85 -11.69 -11.52 -11.35 -11.16 -10.97 -10.78 -10.59 -10.39 -10.20 -10.00 -9.80 -9.60 -9.40 -9.20 -9.00 -8.80 -8.60 -8.40 -8.20 -8.00 -7.80 -7.60 -7.40 -7.20 -7.00 -6.80 -6.60 -6.40 -6.20 -6.00
-30.00 -29.80 -29.60 -29.40 -29.20 -29.00 -28.80 -28.60 -28.40 -28.20 -28.00 -27.80 -27.60 -27.40 -27.20 -27.00 -26.80 -26.60 -26.40 -26.20 -26.00 -25.80 -25.60 -25.40 -25.20 -25.00 -24.80 -24.60 -24.40 -24.20 -24.00 -23.80 -23.60 -23.40 -23.20 -23.00 -22.80 -22.60 -22.40 -22.20 -22.00 -21.79 -21.59 -21.39 -21.18 -20.97 -20.75 -20.53 -20.30 -20.06 -19.81 -19.54 -19.26 -18.95 -18.61 -18.25 -17.86 -17.44 -16.99 -16.52 -16.02 -15.50 -14.97 -14.45 -13.93 -13.44 -12.98 -12.56 -12.20 -11.90 -11.67 -11.50 -11.40 -11.36 -11.38 -11.44 -11.53 -11.65 -11.77 -11.90 -12.02 -12.12 -12.19 -12.24 -12.26 -12.25 -12.21 -12.15 -12.06 -11.94 -11.81 -11.66 -11.50 -11.33 -11.15 -10.97 -10.78 -10.59 -10.39 -10.19 -10.00 -9.80 -9.60 -9.40 -9.20 -9.00 -8.80 -8.60 -8.40 -8.20 -8.00 -7.80 -7.60 -7.40 -7.20 -7.00 -6.80 -6.60 -6.40 -6.20 -6.00
-30.00 -29.80 -29.60 -29.40 -29.20 -29.00 -28.80 -28.60 -28.40 -28.20 -28.00 -27.80 -27.60 -27.40 -27.20 -27.00 -26.80 -26.60 -26.40 -26.20 -26.00 -25.80 -25.60 -25.40 -25.20 -25.00 -24.80 -24.60 -24.40 -24.20 -24.00 -23.80 -23.60 -23.40 -23.20 -23.00 -22.80 -22.60 -22.40 -22.20 -22.00 -21.79 -21.59 -21.38 -21.17 -20.96 -20.74 -20.51 -20.27 -20.02 -19.76 -19.47 -19.16 -18.82 -18.45 -18.05 -17.61 -17.13 -16.61 -16.06 -15.47 -14.87 -14.25 -13.64 -13.04 -12.46 -11.93 -11.46 -11.05 -10.73 -10.48 -10.33 -10.25 -10.26 -10.33 -10.46 -10.64 -10.84 -11.05 -11.27 -11.47 -11.66 -11.81 -11.93 -12.01 -12.05 -12.05 -12.02 -11.96 -11.87 -11.76 -11.62 -11.47 -11.31 -11.14 -10.96 -10.77 -10.58 -10.39 -10.19 -10.00 -9.80 -9.60 -9.40 -9.20 -9.00 -8.80 -8.60 -8.40 -8.20 -8.00 -7.80 -7.60 -7.40 -7.20 -7.00 -6.80 -6.60 -6.40 -6.20 -6.00
-30.00 -29.80 -29.60 -29.40 -29.20 -29.00 -28.80 -28.60 -28.40 -28.20 -28.00 -27.80 -27.60 -27.40 -27.20 -27.00 -26.80 -26.60 -26.40 -26.20 -26.00 -25.80 -25.60 -25.40 -25.20 -25.00 -24.80 -24.60 -24.40 -24.20 -24.00 -23.80 -23.60 -23.40 -23.20 -23.00 -22.80 -22.60 -22.40 -22.20 -21.99 -21.79 -21.58 -21.38 -21.16 -20.95 -20.72 -20.49 -20.24 -19.98 -19.70 -19.39 -19.05 -18.68 -18.26 -17.81 -17.30 -16.75 -16.15 -15.51 -14.83 -14.12 -13.40 -12.68 -11.98 -11.31 -10.69 -10.15 -9.69 -9.33 -9.08 -8.93 -8.89 -8.95 -9.09 -9.31 -9.58 -9.88 -10.20 -10.52 -10.83 -11.11 -11.35 -11.55 -11.70 -11.81 -11.86 -11.88 -11.85 -11.79 -11.70 -11.58 -11.44 -11.29 -11.12 -10.95 -10.76 -10.58 -10.38 -10.19 -9.99 -9.80 -9.60 -9.40 -9.20 -9.00 -8.80 -8.60 -8.40 -8.20 -8.00 -7.80 -7.60 -7.40 -7.20 -7.00 -6.80 -6.60 -6.40 -6.20 -6.00
-30.00 -29.80 -29.60 -29.40 -29.20 -29.00 -28.80 -28.60 -28.40 -28.20 -28.00 -27.80 -27.60 -27.40 -27.20 -27.00 -26.80 -26.60 -26.40 -26.20 -26.00 -25.80 -25.60 -25.40 -25.20 -25.00 -24.80 -24.60 -24.40 -24.20 -24.00 -23.80 -23.60 -23.40 -23.20 -23.00 -22.80 -22.60 -22.40 -22.20 -21.99 -21.79 -21.58 -21.37 -21.16 -20.94 -20.71 -20.46 -20.21 -19.93 -19.62 -19.29 -18.92 -18.51 -18.04 -17.53 -16.95 -16.32 -15.63 -14.88 -14.09 -13.26 -12.42 -11.57 -10.75 -9.97 -9.26 -8.63 -8.12 -7.72 -7.45 -7.32 -7.32 -7.43 -7.66 -7.97 -8.35 -8.77 -9.22 -9.66 -10.09 -10.48 -10.83 -11.12 -11.35 -11.53 -11.64 -11.71 -11.72 -11.69 -11.62 -11.53 -11.41 -11.26 -11.11 -10.94 -10.76 -10.57 -10.38 -10.19 -9.99 -9.80 -9.60 -9.40 -9.20 -9.00 -8.80 -8.60 -8.40 -8.20 -8.00 -7.80 -7.60 -7.40 -7.20 -7.00 -6.80 -6.60 -6.40 -6.20 -6.00
-30.00 -29.80 -29.60 -29.40 -29.20 -29.00 -28.80 -28.60 -28.40 -28.20 -28.00 -27.80 -27.60 -27.40 -27.20 -27.00 -26.80 -26.60 -26.40 -26.20 -26.00 -25.80 -25.60 -25.40 -25.20 -25.00 -24.80 -24.60 -24.40 -24.20 -24.00 -23.80 -23.60 -23.40 -23.20 -23.00 -22.80 -22.60 -22.40 -22.19 -21.99 -21.79 -21.58 -21.37 -21.15 -20.92 -20.68 -20.43 -20.16 -19.87 -19.54 -19.18 -18.77 -18.31 -17.79 -17.21 -16.55 -15.83 -15.03 -14.16 -13.24 -12.28 -11.30 -10.32 -9.36 -8.45 -7.63 -6.92 -6.33 -5.89 -5.61 -5.49 -5.53 -5.72 -6.03 -6.45 -6.96 -7.52 -8.10 -8.68 -9.24 -9.76 -10.23 -10.63 -10.95 -11.21 -11.39 -11.51 -11.57 -11.58 -11.54 -11.47 -11.36 -11.23 -11.08 -10.92 -10.75 -10.57 -10.38 -10.19 -9.99 -9.79 -9.60 -9.40 -9.20 -9.00 -8.80 -8.60 -8.40 -8.20 -8.00 -7.80 -7.60 -7.40 -7.20 -7.00 -6.80 -6.60 -6.40 -6.20 -6.00
-30.00 -29.80 -29.60 -29.40 -29.20 -29.00 -28.80 -28.60 -28.40 -28.20 -28.00 -27.80 -27.60 -27.40 -27.20 -27.00 -26.80 -26.60 -26.40 -26.20 -26.00 -25.80 -25.60 -25.40 -25.20 -25.00 -24.80 -24.60 -24.40 -24.20 -24.00 -23.80 -23.60 -23.40 -23.20 -23.00 -22.80 -22.60 -22.40 -22.19 -21.99 -21.78 -21.57 -21.36 -21.14 -20.91 -20.66 -20.40 -20.12 -19.80 -19.45 -19.06 -18.61 -18.10 -17.52 -16.86 -16.11 -15.28 -14.36 -13.37 -12.31 -11.20 -10.06 -8.92 -7.81 -6.77 -5.83 -5.01 -4.35 -3.86 -3.57 -3.46 -3.55 -3.81 -4.23 -4.77 -5.41 -6.12 -6.86 -7.60 -8.31 -8.97 -9.56 -10.08 -10.51 -10.86 -11.12 -11.30 -11.41 -11.46 -11.45 -11.40 -11.32 -11.20 -11.06 -10.91 -10.74 -10.56 -10.37 -10.18 -9.99 -9.79 -9.60 -9.40 -9.20 -9.00 -8.80 -8.60 -8.40 -8.20 -8.00 -7.80 -7.60 -7.40 -7.20 -7.00 -6.80 -6.60 -6.40 -6.20 -6.00
-30.00 -29.80 -29.60 -29.40 -29.20 -29.00 -28.80 -28.60 -28.40 -28.20 -28.00 -27.80 -27.60 -27.40 -27.20 -27.00 -26.80 -26.60 -26.40 -26.20 -26.00 -25.80 -25.60 -25.40 -25.20 -25.00 -24.80 -24.60 -24.40 -24.20 -24.00 -23.80 -23.60 -23.40 -23.20 -23.00 -22.80 -22.60 -22.40 -22.19 -21.99 -21.78 -21.57 -21.35 -21.13 -20.89 -20.64 -20.37 -20.07 -19.73 -19.36 -18.93 -18.43 -17.87 -17.22 -16.47 -15.63 -14.69 -13.64 -12.51 -11.29 -10.02 -8.71 -7.41 -6.14 -4.95 -3.87 -2.94 -2.20 -1.66 -1.35 -1.26 -1.40 -1.74 -2.27 -2.95 -3.74 -4.61 -5.51 -6.42 -7.29 -8.11 -8.84 -9.49 -10.03 -10.47 -10.82 -11.07 -11.23 -11.33 -11.36 -11.33 -11.27 -11.17 -11.04 -10.89 -10.73 -10.55 -10.37 -10.18 -9.99 -9.79 -9.60 -9.40 -9.20 -9.00 -8.80 -8.60 -8.40 -8.20 -8.00 -7.80 -7.60 -7.40 -7.20 -7.00 -6.80 -6.60 -6.40 -6.20 -6.00
-30.00 -29.80 -29.60 -29.40 -29.20 -29.00 -28.80 -28.60 -28.40 -28.20 -28.00 -27.80 -27.60 -27.40 -27.20 -27.00 -26.80 -26.60 -26.40 -26.20 -26.00 -25.80 -25.60 -25.40 -25.20 -25.00 -24.80 -24.60 -24.40 -24.20 -24.00 -23.80 -23.60 -23.40 -23.20 -23.00 -22.80 -22.60 -22.39 -22.19 -21.98 -21.78 -21.56 -21.34 -21.11 -20.87 -20.61 -20.33 -20.01 -19.66 -19.25 -18.79 -18.25 -17.62 -16.90 -16.07 -15.12 -14.06 -12.88 -11.60 -10.22 -8.77 -7.29 -5.81 -4.37 -3.02 -1.80 -0.76 0.07 0.66 1.00 1.06 0.87 0.44 -0.20 -1.02 -1.97 -3.01 -4.09 -5.17 -6.22 -7.20 -8.08 -8.86 -9.52 -10.07 -10.50 -10.82 -11.05 -11.19 -11.25 -11.26 -11.21 -11.13 -11.01 -10.87 -10.71 -10.54 -10.36 -10.18 -9.98 -9.79 -9.59 -9.40 -9.20 -9.00 -8.80 -8.60 -8.40 -8.20 -8.00 -7.80 -7.60 -7.40 -7.20 -7.00 -6.80 -6.60 -6.40 -6.20 -6.00
-30.00 -29.80 -29.60 -29.40 -29.20 -29.00 -28.80 -28.60 -28.40 -28.20 -28.00 -27.80 -27.60 -27.40 -27.20 -27.00 -26.80 -26.60 -26.40 -26.20 -26.00 -25.80 -25.60 -25.40 -25.20 -25.00 -24.80 -24.60 -24.40 -24.20 -24.00 -23.80 -23.60 -23.40 -23.20 -23.00 -22.80 -22.60 -22.39 -22.19 -21.98 -21.77 -21.56 -21.33 -21.10 -20.85 -20.58 -20.29 -19.96 -19.58 -19.15 -18.64 -18.06 -17.37 -16.57 -15.65 -14.60 -13.42 -12.10 -10.66 -9.11 -7.49 -5.83 -4.16 -2.55 -1.03 0.33 1.49 2.41 3.06 3.41 3.46 3.21 2.69 1.93 0.97 -0.15 -1.36 -2.63 -3.89 -5.11 -6.26 -7.30 -8.22 -9.00 -9.65 -10.17 -10.57 -10.86 -11.04 -11.15 -11.18 -11.16 -11.09 -10.98 -10.85 -10.70 -10.53 -10.36 -10.17 -9.98 -9.79 -9.59 -9.40 -9.20 -9.00 -8.80 -8.60 -8.40 -8.20 -8.00 -7.80 -7.60 -7.40 -7.20 -7.00 -6.80 -6.60 -6.40 -6.20 -6.00
-30.00 -29.80 -29.60 -29.40 -29.20 -29.00 -28.80 -28.60 -28.40 -28.20 -28.00 -27.80 -27.60 -27.40 -27.20 -27.00 -26.80 -26.60 -26.40 -26.20 -26.00 -25.80 -25.60 -25.40 -25.20 -25.00 -24.80 -24.60 -24.40 -24.20 -24.00 -23.80 -23.60 -23.40 -23.20 -23.00 -22.80 -22.60 -22.39 -22.19 -21.98 -21.77 -21.55 -21.33 -21.09 -20.83 -20.56 -20.25 -19.90 -19.50 -19.04 -18.50 -17.86 -17.12 -16.25 -15.24 -14.08 -12.77 -11.32 -9.72 -8.01 -6.21 -4.36 -2.52 -0.73 0.95 2.46 3.74 4.75 5.45 5.82 5.85 5.55 4.94 4.06 2.95 1.67 0.28 -1.16 -2.61 -4.01 -5.32 -6.52 -7.57 -8.48 -9.24 -9.85 -10.32 -10.66 -10.90 -11.04 -11.10 -11.10 -11.05 -10.96 -10.83 -10.69 -10.53 -10.35 -10.17 -9.98 -9.79 -9.59 -9.40 -9.20 -9.00 -8.80 -8.60 -8.40 -8.20 -8.00 -7.80 -7.60 -7.40 -7.20 -7.00 -6.80 -6.60 -6.40 -6.20 -6.00
-30.00 -29.80 -29.60 -29.40 -29.20 -29.00 -28.80 -28.60 -28.40 -28.20 -28.00 -27.80 -27.60 -27.40 -27.20 -27.00 -26.80 -26.60 -26.40 -26.20 -26.00 -25.80 -25.60 -25.40 -25.20 -25.00 -24.80 -24.60 -24.40 -24.20 -24.00 -23.80 -23.60 -23.40 -23.20 -23.00 -22.80 -22.60 -22.39 -22.19 -21.98 -21.77 -21.55 -21.32 -21.08 -20.82 -20.53 -20.21 -19.85 -19.43 -18.94 -18.36 -17.68 -16.87 -15.93 -14.84 -13.58 -12.15 -10.56 -8.81 -6.94 -4.97 -2.95 -0.93 1.03 2.87 4.52 5.91 7.01 7.77 8.15 8.17 7.81 7.11 6.12 4.87 3.43 1.87 0.25 -1.37 -2.94 -4.41 -5.76 -6.95 -7.98 -8.84 -9.53 -10.07 -10.48 -10.76 -10.94 -11.03 -11.05 -11.01 -10.93 -10.82 -10.68 -10.52 -10.35 -10.17 -9.98 -9.79 -9.59 -9.40 -9.20 -9.00 -8.80 -8.60 -8.40 -8.20 -8.00 -7.80 -7.60 -7.40 -7.20 -7.00 -6.80 -6.60 -6.40 -6.20 -6.00
-30.00 -29.80 -29.60 -29.40 -29.20 -29.00 -28.80 -28.60 -28.40 -28.20 -28.00 -27.80 -27.60 -27.40 -27.20 -27.00 -26.80 -26.60 -26.40 -26.20 -26.00 -25.80 -25.60 -25.40 -25.20 -25.00 -24.80 -24.60 -24.40 -24.20 -24.00 -23.80 -23.60 -23.40 -23.20 -23.00 -22.80 -22.59 -22.39 -22.19 -21.98 -21.76 -21.54 -21.31 -21.07 -20.80 -20.51 -20.18 -19.80 -19.36 -18.84 -18.23 -17.51 -16.65 -15.64 -14.46 -13.11 -11.57 -9.85 -7.97 -5.95 -3.82 -1.63 0.55 2.67 4.65 6.43 7.94 9.11 9.92 10.32 10.32 9.91 9.14 8.03 6.65 5.07 3.35 1.57 -0.22 -1.95 -3.57 -5.05 -6.37 -7.51 -8.46 -9.24 -9.85 -10.31 -10.63 -10.84 -10.96 -11.00 -10.98 -10.91 -10.80 -10.67 -10.51 -10.34 -10.16 -9.98 -9.79 -9.59 -9.39 -9.20 -9.00 -8.80 -8.60 -8.40 -8.20 -8.00 -7.80 -7.60 -7.40 -7.20 -7.00 -6.80 -6.60 -6.40 -6.20 -6.00
-30.00 -29.80 -29.60 -29.40 -29.20 -29.00 -28.80 -28.60 -28.40 -28.20 -28.00 -27.80 -27.60 -27.40 -27.20 -27.00 -26.80 -26.60 -26.40 -26.20 -26.00 -25.80 -25.60 -25.40 -25.20 -25.00 -24.80 -24.60 -24.40 -24.20 -24.00 -23.80 -23.60 -23.40 -23.20 -23.00 -22.80 -22.59 -22.39 -22.18 -21.98 -21.76 -21.54 -21.31 -21.06 -20.79 -20.49 -20.15 -19.76 -19.30 -18.76 -18.12 -17.35 -16.45 -15.38 -14.13 -12.69 -11.06 -9.23 -7.23 -5.07 -2.80 -0.47 1.86 4.12 6.23 8.12 9.72 10.97 11.82 12.24 12.22 11.77 10.92 9.72 8.23 6.52 4.66 2.73 0.80 -1.07 -2.83 -4.43 -5.86 -7.09 -8.13 -8.98 -9.65 -10.15 -10.52 -10.76 -10.90 -10.96 -10.95 -10.89 -10.79 -10.66 -10.51 -10.34 -10.16 -9.98 -9.78 -9.59 -9.39 -9.20 -9.00 -8.80 -8.60 -8.40 -8.20 -8.00 -7.80 -7.60 -7.40 -7.20 -7.00 -6.80 -6.60 -6.40 -6.20 -6.00
-30.00 -29.80 -29.60 -29.40 -29.20 -29.00 -28.80 -28.60 -28.40 -28.20 -28.00 -27.80 -27.60 -27.40 -27.20 -27.00 -26.80 -26.60 -26.40 -26.20 -26.00 -25.80 -25.60 -25.40 -25.20 -25.00 -24.80 -24.60 -24.40 -24.20 -24.00 -23.80 -23.60 -23.40 -23.20 -23.00 -22.80 -22.59 -22.39 -22.18 -21.97 -21.76 -21.53 -21.30 -21.05 -20.77 -20.47 -20.12 -19.72 -19.25 -18.69 -18.02 -17.23 -16.28 -15.16 -13.86 -12.35 -10.63 -8.72 -6.61 -4.34 -1.96 0.49 2.94 5.31 7.54 9.52 11.20 12.51 13.40 13.83 13.80 13.31 12.40 11.12 9.54 7.71 5.74 3.69 1.64 -0.34 -2.21 -3.92 -5.43 -6.75 -7.86 -8.76 -9.48 -10.03 -10.42 -10.69 -10.85 -10.92 -10.92 -10.87 -10.77 -10.65 -10.50 -10.33 -10.16 -9.97 -9.78 -9.59 -9.39 -9.20 -9.00 -8.80 -8.60 -8.40 -8.20 -8.00 -7.80 -7.60 -7.40 -7.20 -7.00 -6.80 -6.60 -6.40 -6.20 -6.00
-30.00 -29.80 -29.60 -29.40 -29.20 -29.00 -28.80 -28.60 -28.40 -28.20 -28.00 -27.80 -27.60 -27.40 -27.20 -27.00 -26.80 -26.60 -26.40 -26.20 -26.00 -25.80 -25.60 -25.40 -25.20 -25.00 -24.80 -24.60 -24.40 -24.20 -24.00 -23.80 -23.60 -23.40 -23.20 -23.00 -22.80 -22.59 -22.39 -22.18 -21.97 -21.76 -21.53 -21.30 -21.04 -20.77 -20.46 -20.10 -19.69 -19.21 -18.64 -17.95 -17.13 -16.16 -15.00 -13.65 -12.09 -10.32 -8.33 -6.15 -3.80 -1.33 1.21 3.75 6.21 8.51 10.57 12.31 13.66 14.57 15.02 14.97 14.46 13.51 12.17 10.51 8.61 6.55 4.41 2.27 0.20 -1.75 -3.53 -5.12 -6.49 -7.65 -8.60 -9.36 -9.93 -10.35 -10.64 -10.81 -10.89 -10.90 -10.86 -10.77 -10.64 -10.50 -10.33 -10.16 -9.97 -9.78 -9.59 -9.39 -9.20 -9.00 -8.80 -8.60 -8.40 -8.20 -8.00 -7.80 -7.60 -7.40 -7.20 -7.00 -6.80 -6.60 -6.40 -6.20 -6.00
-30.00 -29.80 -29.60 -29.40 -29.20 -29.00 -28.80 -28.60 -28.40 -28.20 -28.00 -27.80 -27.60 -27.40 -27.20 -27.00 -26.80 -26.60 -26.40 -26.20 -26.00 -25.80 -25.60 -25.40 -25.20 -25.00 -24.80 -24.60 -24.40 -24.20 -24.00 -23.80 -23.60 -23.40 -23.20 -23.00 -22.80 -22.59 -22.39 -22.18 -21.97 -21.76 -21.53 -21.29 -21.04 -20.76 -20.45 -20.09 -19.68 -19.19 -18.60 -17.91 -17.07 -16.08 -14.90 -13.53 -11.93 -10.12 -8.09 -5.86 -3.46 -0.94 1.66 4.25 6.77 9.12 11.22 13.00 14.37 15.30 15.75 15.70 15.17 14.20 12.82 11.12 9.17 7.05 4.86 2.66 0.54 -1.46 -3.29 -4.92 -6.33 -7.53 -8.50 -9.28 -9.87 -10.31 -10.60 -10.79 -10.88 -10.89 -10.85 -10.76 -10.64 -10.49 -10.33 -10.16 -9.97 -9.78 -9.59 -9.39 -9.20 -9.00 -8.80 -8.60 -8.40 -8.20 -8.00 -7.80 -7.60 -7.40 -7.20 -7.00 -6.80 -6.60 -6.40 -6.20 -6.00
-30.00 -29.80 -29.60 -29.40 -29.20 -29.00 -28.80 -28.60 -28.40 -28.20 -28.00 -27.80 -27.60 -27.40 -27.20 -27.00 -26.80 -26.60 -26.40 -26.20 -26.00 -25.80 -25.60 -25.40 -25.20 -25.00 -24.80 -24.60 -24.40 -24.20 -24.00 -23.80 -23.60 -23.40 -23.20 -23.00 -22.80 -22.59 -22.39 -22.18 -21.97 -21.76 -21.53 -21.29 -21.04 -20.76 -20.44 -20.09 -19.67 -19.18 -18.59 -17.89 -17.05 -16.05 -14.87 -13.48 -11.88 -10.05 -8.01 -5.77 -3.35 -0.80 1.81 4.42 6.95 9.32 11.44 13.23 14.62 15.55 16.00 15.95 15.42 14.43 13.04 11.32 9.35 7.22 5.01 2.80 0.65 -1.37 -3.21 -4.85 -6.28 -7.48 -8.47 -9.25 -9.85 -10.29 -10.59 -10.78 -10.87 -10.89 -10.84 -10.76 -10.64 -10.49 -10.33 -10.16 -9.97 -9.78 -9.59 -9.39 -9.20 -9.00 -8.80 -8.60 -8.40 -8.20 -8.00 -7.80 -7.60 -7.40 -7.20 -7.00 -6.80 -6.60 -6.40 -6.20 -6.00
-30.00 -29.80 -29.60 -29.40 -29.20 -29.00 -28.80 -28.60 -28.40 -28.20 -28.00 -27.80 -27.60 -27.40 -27.20 -27.00 -26.80 -26.60 -26.40 -26.20 -26.00 -25.80 -25.60 -25.40 -25.20 -25.00 -24.80 -24.60 -24.40 -24.20 -24.00 -23.80 -23.60 -23.40 -23.20 -23.00 -22.80 -22.59 -22.39 -22.18 -21.97 -21.76 -21.53 -21.29 -21.04 -20.76 -20.45 -20.09 -19.68 -19.19 -18.60 -17.91 -17.07 -16.08 -14.90 -13.53 -11.93 -10.12 -8.09 -5.86 -3.46 -0.94 1.66 4.25 6.77 9.12 11.22 13.00 14.37 15.30 15.75 15.70 15.17 14.20 12.82 11.12 9.17 7.05 4.86 2.66 0.54 -1.46 -3.29 -4.92 -6.33 -7.53 -8.50 -9.28 -9.87 -10.31 -10.60 -10.79 -10.88 -10.89 -10.85 -10.76 -10.64 -10.49 -10.33 -10.16 -9.97 -9.78 -9.59 -9.39 -9.20 -9.00 -8.80 -8.60 -8.40 -8.20 -8.00 -7.80 -7.60 -7.40 -7.20 -7.00 -6.80 -6.60 -6.40 -6.20 -6.00
-30.00 -29.80 -29.60 -29.40 -29.20 -29.00 -28.80 -28.60 -28.40 -28.20 -28.00 -27.80 -27.60 -27.40 -27.20 -27.00 -26.80 -26.60 -26.40 -26.20 -26.00 -25.80 -25.60 -25.40 -25.20 -25.00 -24.80 -24.60 -24.40 -24.20 -24.00 -23.80 -23.60 -23.40 -23.20 -23.00 -22.80 -22.59 -22.39 -22.18 -21.97 -21.76 -21.53 -21.30 -21.04 -20.77 -20.46 -20.10 -19.69 -19.21 -18.64 -17.95 -17.13 -16.16 -15.00 -13.65 -12.09 -10.32 -8.33 -6.15 -3.80 -1.33 1.21 3.75 6.21 8.51 10.57 12.31 13.66 14.57 15.02 14.97 14.46 13.51 12.17 10.51 8.61 6.55 4.41 2.27 0.20 -1.75 -3.53 -5.12 -6.49 -7.65 -8.60 -9.36 -9.93 -10.35 -10.64 -10.81 -10.89 -10.90 -10.86 -10.77 -10.64 -10.50 -10.33 -10.16 -9.97 -9.78 -9.59 -9.39 -9.20 -9.00 -8.80 -8.60 -8.40 -8.20 -8.00 -7.80 -7.60 -7.40 -7.20 -7.00 -6.80 -6.60 -6.40 -6.20 -6.00
-30.00 -29.80 -29.60 -29.40 -29.20 -29.00 -28.80 -28.60 -28.40 -28.20 -28.00 -27.80 -27.60 -27.40 -27.20 -27.00 -26.80 -26.60 -26.40 -26.20 -26.00 -25.80 -25.60 -25.40 -25.20 -25.00 -24.80 -24.60 -24.40 -24.20 -24.00 -23.80 -23.60 -23.40 -23.20 -23.00 -22.80 -22.59 -22.39 -22.18 -21.97 -21.76 -21.53 -21.30 -21.05 -20.77 -20.47 -20.12 -19.72 -19.25 -18.69 -18.02 -17.23 -16.28 -15.16 -13.86 -12.35 -10.63 -8.72 -6.61 -4.34 -1.96 0.49 2.94 5.31 7.54 9.52 11.20 12.51 13.40 13.83 13.80 13.31 12.40 11.12 9.54 7.71 5.74 3.69 1.64 -0.34 -2.21 -3.92 -5.43 -6.75 -7.86 -8.76 -9.48 -10.03 -10.42 -10.69 -10.85 -10.92 -10.92 -10.87 -10.77 -10.65 -10.50 -10.33 -10.16 -9.97 -9.78 -9.59 -9.39 -9.20 -9.00 -8.80 -8.60 -8.40 -8.20 -8.00 -7.80 -7.60 -7.40 -7.20 -7.00 -6.80 -6.60 -6.40 -6.20 -6.00
-30.00 -29.80 -29.60 -29.40 -29.20 -29.00 -28.80 -28.60 -28.40 -28.20 -28.00 -27.80 -27.60 -27.40 -27.20 -27.00 -26.80 -26.60 -26.40 -26.20 -26.00 -25.80 -25.60 -25.40 -25.20 -25.00 -24.80 -24.60 -24.40 -24.20 -24.00 -23.80 -23.60 -23.40 -23.20 -23.00 -22.80 -22.59 -22.39 -22.18 -21.98 -21.76 -21.54 -21.31 -21.06 -20.79 -20.49 -20.15 -19.76 -19.30 -18.76 -18.12 -17.35 -16.45 -15.38 -14.13 -12.69 -11.06 -9.23 -7.23 -5.07 -2.80 -0.47 1.86 4.12 6.23 8.12 9.72 10.97 11.82 12.24 12.22 11.77 10.92 9.72 8.23 6.52 4.66 2.73 0.80 -1.07 -2.83 -4.43 -5.86 -7.09 -8.13 -8.98 -9.65 -10.15 -10.52 -10.76 -10.90 -10.96 -10.95 -10.89 -10.79 -10.66 -10.51 -10.34 -10.16 -9.98 -9.78 -9.59 -9.39 -9.20 -9.00 -8.80 -8.60 -8.40 -8.20 -8.00 -7.80 -7.60 -7.40 -7.20 -7.00 -6.80 -6.60 -6.40 -6.20 -6.00
-30.00 -29.80 -29.60 -29.40 -29.20 -29.00 -28.80 -28.60 -28.40 -28.20 -28.00 -27.80 -27.60 -27.40 -27.20 -27.00 -26.80 -26.60 -26.40 -26.20 -26.00 -25.80 -25.60 -25.40 -25.20 -25.00 -24.80 -24.60 -24.40 -24.20 -24.00 -23.80 -23.60 -23.40 -23.20 -23.00 -22.80 -22.59 -22.39 -22.19 -21.98 -21.76 -21.54 -21.31 -21.07 -20.80 -20.51 -20.18 -19.80 -19.36 -18.84 -18.23 -17.51 -16.65 -15.64 -14.46 -13.11 -11.57 -9.85 -7.97 -5.95 -3.82 -1.63 0.55 2.67 4.65 6.43 7.94 9.11 9.92 10.32 10.32 9.91 9.14 8.03 6.65 5.07 3.35 1.57 -0.22 -1.95 -3.57 -5.05 -6.37 -7.51 -8.46 -9.24 -9.85 -10.31 -10.63 -10.84 -10.96 -11.00 -10.98 -10.91 -10.80 -10.67 -10.51 -10.34 -10.16 -9.98 -9.79 -9.59 -9.39 -9.20 -9.00 -8.80 -8.60 -8.40 -8.20 -8.00 -7.80 -7.60 -7.40 -7.20 -7.00 -6.80 -6.60 -6.40 -6.20 -6.00
-30.00 -29.80 -29.60 -29.40 -29.20 -29.00 -28.80 -28.60 -28.40 -28.20 -28.00 -27.80 -27.60 -27.40 -27.20 -27.00 -26.80 -26.60 -26.40 -26.20 -26.00 -25.80 -25.60 -25.40 -25.20 -25.00 -24.80 -24.60 -24.40 -24.20 -24.00 -23.80 -23.60 -23.40 -23.20 -23.00 -22.80 -22.60 -22.39 -22.19 -21.98 -21.77 -21.55 -21.32 -21.08 -20.82 -20.53 -20.21 -19.85 -19.43 -18.94 -18.36 -17.68 -16.87 -15.93 -14.84 -13.58 -12.15 -10.56 -8.81 -6.94 -4.97 -2.95 -0.93 1.03 2.87 4.52 5.91 7.01 7.77 8.15 8.17 7.81 7.11 6.12 4.87 3.43 1.87 0.25 -1.37 -2.94 -4.41 -5.76 -6.95 -7.98 -8.84 -9.53 -10.07 -10.48 -10.76 -10.94 -11.03 -11.05 -11.01 -10.93 -10.82 -10.68 -10.52 -10.35 -10.17 -9.98 -9.79 -9.59 -9.40 -9.20 -9.00 -8.80 -8.60 -8.40 -8.20 -8.00 -7.80 -7.60 -7.40 -7.20 -7.00 -6.80 -6.60 -6.40 -6.20 -6.00
-30.00 -29.80 -29.60 -29.40 -29.20 -29.00 -28.80 -28.60 -28.40 -28.20 -28.00 -27.80 -27.60 -27.40 -27.20 -27.00 -26.80 -26.60 -26.40 -26.20 -26.00 -25.80 -25.60 -25.40 -25.20 -25.00 -24.80 -24.60 -24.40 -24.20 -24.00 -23.80 -23.60 -23.40 -23.20 -23.00 -22.80 -22.60 -22.39 -22.19 -21.98 -21.77 -21.55 -21.33 -21.09 -20.83 -20.56 -20.25 -19.90 -19.50 -19.04 -18.50 -17.86 -17.12 -16.25 -15.24 -14.08 -12.77 -11.32 -9.72 -8.01 -6.21 -4.36 -2.52 -0.73 0.95 2.46 3.74 4.75 5.45 5.82 5.85 5.55 4.94 4.06 2.95 1.67 0.28 -1.16 -2.61 -4.01 -5.32 -6.52 -7.57 -8.48 -9.24 -9.85 -10.32 -10.66 -10.90 -11.04 -11.10 -11.10 -11.05 -10.96 -10.83 -10.69 -10.53 -10.35 -10.17 -9.98 -9.79 -9.59 -9.40 -9.20 -9.00 -8.80 -8.60 -8.40 -8.20 -8.00 -7.80 -7.60 -7.40 -7.20 -7.00 -6.80 -6.60 -6.40 -6.20 -6.00
-30.00 -29.80 -29.60 -29.40 -29.20 -29.00 -28.80 -28.60 -28.40 -28.20 -28.00 -27.80 -27.60 -27.40 -27.20 -27.00 -26.80 -26.60 -26.40 -26.20 -26.00 -25.80 -25.60 -25.40 -25.20 -25.00 -24.80 -24.60 -24.40 -24.20 -24.00 -23.80 -23.60 -23.40 -23.20 -23.00 -22.80 -22.60 -22.39 -22.19 -21.98 -21.77 -21.56 -21.33 -21.10 -20.85 -20.58 -20.29 -19.96 -19.58 -19.15 -18.64 -18.06 -17.37 -16.57 -15.65 -14.60 -13.42 -12.10 -10.66 -9.11 -7.49 -5.83 -4.16 -2.55 -1.03 0.33 1.49 2.41 3.06 3.41 3.46 3.21 2.69 1.93 0.97 -0.15 -1.36 -2.63 -3.89 -5.11 -6.26 -7.30 -8.22 -9.00 -9.65 -10.17 -10.57 -10.86 -11.04 -11.15 -11.18 -11.16 -11.09 -10.98 -10.85 -10.70 -10.53 -10.36 -10.17 -9.98 -9.79 -9.59 -9.40 -9.20 -9.00 -8.80 -8.60 -8.40 -8.20 -8.00 -7.80 -7.60 -7.40 -7.20 -7.00 -6.80 -6.60 -6.40 -6.20 -6.00
-30.00 -29.80 -29.60 -29.40 -29.20 -29.00 -28.80 -28.60 -28.40 -28.20 -28.00 -27.80 -27.60 -27.40 -27.20 -27.00 -26.80 -26.60 -26.40 -26.20 -26.00 -25.80 -25.60 -25.40 -25.20 -25.00 -24.80 -24.60 -24.40 -24.20 -24.00 -23.80 -23.60 -23.40 -23.20 -23.00 -22.80 -22.60 -22.39 -22.19 -21.98 -21.78 -21.56 -21.34 -21.11 -20.87 -20.61 -20.33 -20.01 -19.66 -19.25 -18.79 -18.25 -17.62 -16.90 -16.07 -15.12 -14.06 -12.88 -11.60 -10.22 -8.77 -7.29 -5.81 -4.37 -3.02 -1.80 -0.76 0.07 0.66 1.00 1.06 0.87 0.44 -0.20 -1.02 -1.97 -3.01 -4.09 -5.17 -6.22 -7.20 -8.08 -8.86 -9.52 -10.07 -10.50 -10.82 -11.05 -11.19 -11.25 -11.26 -11.21 -11.13 -11.01 -10.87 -10.71 -10.54 -10.36 -10.18 -9.98 -9.79 -9.59 -9.40 -9.20 -9.00 -8.80 -8.60 -8.40 -8.20 -8.00 -7.80 -7.60 -7.40 -7.20 -7.00 -6.80 -6.60 -6.40 -6.20 -6.00
-30.00 -29.80 -29.60 -29.40 -29.20 -29.00 -28.80 -28.60 -28.40 -28.20 -28.00 -27.80 -27.60 -27.40 -27.20 -27.00 -26.80 -26.60 -26.40 -26.20 -26.00 -25.80 -25.60 -25.40 -25.20 -25.00 -24.80 -24.60 -24.40 -24.20 -24.00 -23.80 -23.60 -23.40 -23.20 -23.00 -22.80 -22.60 -22.40 -22.19 -21.99 -21.78 -21.57 -21.35 -21.13 -20.89 -20.64 -20.37 -20.07 -19.73 -19.36 -18.93 -18.43 -17.87 -17.22 -16.47 -15.63 -14.69 -13.64 -12.51 -11.29 -10.02 -8.71 -7.41 -6.14 -4.95 -3.87 -2.94 -2.20 -1.66 -1.35 -1.26 -1.40 -1.74 -2.27 -2.95 -3.74 -4.61 -5.51 -6.42 -7.29 -8.11 -8.84 -9.49 -10.03 -10.47 -10.82 -11.07 -11.23 -11.33 -11.36 -11.33 -11.27 -11.17 -11.04 -10.89 -10.73 -10.55 -10.37 -10.18 -9.99 -9.79 -9.60 -9.40 -9.20 -9.00 -8.80 -8.60 -8.40 -8.20 -8.00 -7.80 -7.60 -7.40 -7.20 -7.00 -6.80 -6.60 -6.40 -6.20 -6.00
-30.00 -29.80 -29.60 -29.40 -29.20 -29.00 -28.80 -28.60 -28.40 -28.20 -28.00 -27.80 -27.60 -27.40 -27.20 -27.00 -26.80 -26.60 -26.40 -26.20 -26.00 -25.80 -25.60 -25.40 -25.20 -25.00 -24.80 -24.60 -24.40 -24.20 -24.00 -23.80 -23.60 -23.40 -23.20 -23.00 -22.80 -22.60 -22.40 -22.19 -21.99 -21.78 -21.57 -21.36 -21.14 -20.91 -20.66 -20.40 -20.12 -19.80 -19.45 -19.06 -18.61 -18.10 -17.52 -16.86 -16.11 -15.28 -14.36 -13.37 -12.31 -11.20 -10.06 -8.92 -7.81 -6.77 -5.83 -5.01 -4.35 -3.86 -3.57 -3.46 -3.55 -3.81 -4.23 -4.77 -5.41 -6.12 -6.86 -7.60 -8.31 -8.97 -9.56 -10.08 -10.51 -10.86 -11.12 -11.30 -11.41 -11.46 -11.45 -11.40 -11.32 -11.20 -11.06 -10.91 -10.74 -10.56 -10.37 -10.18 -9.99 -9.79 -9.60 -9.40 -9.20 -9.00 -8.80 -8.60 -8.40 -8.20 -8.00 -7.80 -7.60 -7.40 -7.20 -7.00 -6.80 -6.60 -6.40 -6.20 -6.00
-30.00 -29.80 -29.60 -29.40 -29.20 -29.00 -28.80 -28.60 -28.40 -28.20 -28.00 -27.80 -27.60 -27.40 -27.20 -27.00 -26.80 -26.60 -26.40 -26.20 -26.00 -25.80 -25.60 -25.40 -25.20 -25.00 -24.80 -24.60 -24.40 -24.20 -24.00 -23.80 -23.60 -23.40 -23.20 -23.00 -22.80 -22.60 -22.40 -22.19 -21.99 -21.79 -21.58 -21.37 -21.15 -20.92 -20.68 -20.43 -20.16 -19.87 -19.54 -19.18 -18.77 -18.31 -17.79 -17.21 -16.55 -15.83 -15.03 -14.16 -13.24 -12.28 -11.30 -10.32 -9.36 -8.45 -7.63 -6.92 -6.33 -5.89 -5.61 -5.49 -5.53 -5.72 -6.03 -6.45 -6.96 -7.52 -8.10 -8.68 -9.24 -9.76 -10.23 -10.63 -10.95 -11.21 -11.39 -11.51 -11.57 -11.58 -11.54 -11.47 -11.36 -11.23 -11.08 -10.92 -10.75 -10.57 -10.38 -10.19 -9.99 -9.79 -9.60 -9.40 -9.20 -9.00 -8.80 -8.60 -8.40 -8.20 -8.00 -7.80 -7.60 -7.40 -7.20 -7.00 -6.80 -6.60 -6.40 -6.20 -6.00
-30.00 -29.80 -29.60 -29.40 -29.20 -29.00 -28.80 -28.60 -28.40 -28.20 -28.00 -27.80 -27.60 -27.40 -27.20 -27.00 -26.80 -26.60 -26.40 -26.20 -26.00 -25.80 -25.60 -25.40 -25.20 -25.00 -24.80 -24.60 -24.40 -24.20 -24.00 -23.80 -23.60 -23.40 -23.20 -23.00 -22.80 -22.60 -22.40 -22.20 -21.99 -21.79 -21.58 -21.37 -21.16 -20.94 -20.71 -20.46 -20.21 -19.93 -19.62 -19.29 -18.92 -18.51 -18.04 -17.53 -16.95 -16.32 -15.63 -14.88 -14.09 -13.26 -12.42 -11.57 -10.75 -9.97 -9.26 -8.63 -8.12 -7.72 -7.45 -7.32 -7.32 -7.43 -7.66 -7.97 -8.35 -8.77 -9.22 -9.66 -10.09 -10.48 -10.83 -11.12 -11.35 -11.53 -11.64 -11.71 -11.72 -11.69 -11.62 -11.53 -11.41 -11.26 -11.11 -10.94 -10.76 -10.57 -10.38 -10.19 -9.99 -9.80 -9.60 -9.40 -9.20 -9.00 -8.80 -8.60 -8.40 -8.20 -8.00 -7.80 -7.60 -7.40 -7.20 -7.00 -6.80 -6.60 -6.40 -6.20 -6.00
-30.00 -29.80 -29.60 -29.40 -29.20 -29.00 -28.80 -28.60 -28.40 -28.20 -28.00 -27.80 -27.60 -27.40 -27.20 -27.00 -26.80 -26.60 -26.40 -26.20 -26.00 -25.80 -25.60 -25.40 -25.20 -25.00 -24.80 -24.60 -24.40 -24.20 -24.00 -23.80 -23.60 -23.40 -23.20 -23.00 -22.80 -22.60 -22.40 -22.20 -21.99 -21.79 -21.58 -21.38 -21.16 -20.95 -20.72 -20.49 -20.24 -19.98 -19.70 -19.39 -19.05 -18.68 -18.26 -17.81 -17.30 -16.75 -16.15 -15.51 -14.83 -14.12 -13.40 -12.68 -11.98 -11.31 -10.69 -10.15 -9.69 -9.33 -9.08 -8.93 -8.89 -8.95 -9.09 -9.31 -9.58 -9.88 -10.20 -10.52 -10.83 -11.11 -11.35 -11.55 -11.70 -11.81 -11.86 -11.88 -11.85 -11.79 -11.70 -11.58 -11.44 -11.29 -11.12 -10.95 -10.76 -10.58 -10.38 -10.19 -9.99 -9.80 -9.60 -9.40 -9.20 -9.00 -8.80 -8.60 -8.40 -8.20 -8.00 -7.80 -7.60 -7.40 -7.20 -7.00 -6.80 -6.60 -6.40 -6.20 -6.00
-30.00 -29.80 -29.60 -29.40 -29.20 -29.00 -28.80 -28.60 -28.40 -28.20 -28.00 -27.80 -27.60 -27.40 -27.20 -27.00 -26.80 -26.60 -26.40 -26.20 -26.00 -25.80 -25.60 -25.40 -25.20 -25.00 -24.80 -24.60 -24.40 -24.20 -24.00 -23.80 -23.60 -23.40 -23.20 -23.00 -22.80 -22.60 -22.40 -22.20 -22.00 -21.79 -21.59 -21.38 -21.17 -20.96 -20.74 -20.51 -20.27 -20.02 -19.76 -19.47 -19.16 -18.82 -18.45 -18.05 -17.61 -17.13 -16.61 -16.06 -15.47 -14.87 -14.25 -13.64 -13.04 -12.46 -11.93 -11.46 -11.05 -10.73 -10.48 -10.33 -10.25 -10.26 -10.33 -10.46 -10.64 -10.84 -11.05 -11.27 -11.47 -11.66 -11.81 -11.93 -12.01 -12.05 -12.05 -12.02 -11.96 -11.87 -11.76 -11.62 -11.47 -11.31 -11.14 -10.96 -10.77 -10.58 -10.39 -10.19 -10.00 -9.80 -9.60 -9.40 -9.20 -9.00 -8.80 -8.60 -8.40 -8.20 -8.00 -7.80 -7.60 -7.40 -7.20 -7.00 -6.80 -6.60 -6.40 -6.20 -6.00
-30.00 -29.80 -29.60 -29.40 -29.20 -29.00 -28.80 -28.60 -28.40 -28.20 -28.00 -27.80 -27.60 -27.40 -27.20 -27.00 -26.80 -26.60 -26.40 -26.20 -26.00 -25.80 -25.60 -25.40 -25.20 -25.00 -24.80 -24.60 -24.40 -24.20 -24.00 -23.80 -23.60 -23.40 -23.20 -23.00 -22.80 -22.60 -22.40 -22.20 -22.00 -21.79 -21.59 -21.39 -21.18 -20.97 -20.75 -20.53 -20.30 -20.06 -19.81 -19.54 -19.26 -18.95 -18.61 -18.25 -17.86 -17.44 -16.99 -16.52 -16.02 -15.50 -14.97 -14.45 -13.93 -13.44 -12.98 -12.56 -12.20 -11.90 -11.67 -11.50 -11.40 -11.36 -11.38 -11.44 -11.53 -11.65 -11.77 -11.90 -12.02 -12.12 -12.19 -12.24 -12.26 -12.25 -12.21 -12.15 -12.06 -11.94 -11.81 -11.66 -11.50 -11.33 -11.15 -10.97 -10.78 -10.59 -10.39 -10.19 -10.00 -9.80 -9.60 -9.40 -9.20 -9.00 -8.80 -8.60 -8.40 -8.20 -8.00 -7.80 -7.60 -7.40 -7.20 -7.00 -6.80 -6.60 -6.40 -6.20 -6.00
-30.00 -29.80 -29.60 -29.40 -29.20 -29.00 -28.80 -28.60 -28.40 -28.20 -28.00 -27.80 -27.60 -27.40 -27.20 -27.00 -26.80 -26.60 -26.40 -26.20 -26.00 -25.80 -25.60 -25.40 -25.20 -25.00 -24.80 -24.60 -24.40 -24.20 -24.00 -23.80 -23.60 -23.40 -23.20 -23.00 -22.80 -22.60 -22.40 -22.20 -22.00 -21.80 -21.59 -21.39 -21.18 -20.97 -20.76 -20.55 -20.32 -20.09 -19.85 -19.60 -19.33 -19.05 -18.75 -18.42 -18.08 -17.71 -17.31 -16.90 -16.47 -16.02 -15.57 -15.12 -14.67 -14.25 -13.85 -13.48 -13.16 -12.88 -12.65 -12.48 -12.36 -12.28 -12.25 -12.25 -12.27 -12.32 -12.37 -12.42 -12.47 -12.50 -12.51 -12.51 -12.48 -12.42 -12.35 -12.25 -12.13 -12.00 -11.85 -11.69 -11.52 -11.35 -11.16 -10.97 -10.78 -10.59 -10.39 -10.20 -10.00 -9.80 -9.60 -9.40 -9.20 -9.00 -8.80 -8.60 -8.40 -8.20 -8.00 -7.80 -7.60 -7.40 -7.20 -7.00 -6.80 -6.60 -6.40 -6.20 -6.00
-30.00 -29.80 -29.60 -29.40 -29.20 -29.00 -28.80 -28.60 -28.40 -28.20 -28.00 -27.80 -27.60 -27.40 -27.20 -27.00 -26.80 -26.60 -26.40 -26.20 -26.00 -25.80 -25.60 -25.40 -25.20 -25.00 -24.80 -24.60 -24.40 -24.20 -24.00 -23.80 -23.60 -23.40 -23.20 -23.00 -22.80 -22.60 -22.40 -22.20 -22.00 -21.80 -21.59 -21.39 -21.19 -20.98 -20.77 -20.56 -20.34 -20.12 -19.89 -19.65 -19.40 -19.13 -18.86 -18.56 -18.25 -17.92 -17.57 -17.21 -16.83 -16.45 -16.06 -15.66 -15.28 -14.91 -14.55 -14.23 -13.93 -13.67 -13.45 -13.27 -13.13 -13.03 -12.95 -12.91 -12.88 -12.86 -12.86 -12.85 -12.83 -12.81 -12.77 -12.72 -12.65 -12.56 -12.46 -12.33 -12.20 -12.05 -11.89 -11.72 -11.54 -11.36 -11.17 -10.98 -10.79 -10.59 -10.39 -10.20 -10.00 -9.80 -9.60 -9.40 -9.20 -9.00 -8.80 -8.60 -8.40 -8.20 -8.00 -7.80 -7.60 -7.40 -7.20 -7.00 -6.80 -6.60 -6.40 -6.20 -6.00
-30.00 -29.80 -29.60 -29.40 -29.20 -29.00 -28.80 -28.60 -28.40 -28.20 -28.00 -27.80 -27.60 -27.40 -27.20 -27.00 -26.80 -26.60 -26.40 -26.20 -26.00 -25.80 -25.60 -25.40 -25.20 -25.00 -24.80 -24.60 -24.40 -24.20 -24.00 -23.80 -23.60 -23.40 -23.20 -23.00 -22.80 -22.60 -22.40 -22.20 -22.00 -21.80 -21.60 -21.39 -21.19 -20.99 -20.78 -20.57 -20.36 -20.14 -19.92 -19.69 -19.45 -19.20 -18.94 -18.67 -18.39 -18.09 -17.78 -17.46 -17.13 -16.79 -16.44 -16.10 -15.76 -15.43 -15.12 -14.82 -14.55 -14.31 -14.09 -13.91 -13.75 -13.62 -13.52 -13.43 -13.36 -13.30 -13.24 -13.19 -13.13 -13.06 -12.98 -12.89 -12.79 -12.67 -12.54 -12.40 -12.25 -12.09 -11.92 -11.74 -11.56 -11.37 -11.18 -10.99 -10.79 -10.59 -10.40 -10.20 -10.00 -9.80 -9.60 -9.40 -9.20 -9.00 -8.80 -8.60 -8.40 -8.20 -8.00 -7.80 -7.60 -7.40 -7.20 -7.00 -6.80 -6.60 -6.40 -6.20 -6.00
-30.00 -29.80 -29.60 -29.40 -29.20 -29.00 -28.80 -28.60 -28.40 -28.20 -28.00 -27.80 -27.60 -27.40 -27.20 -27.00 -26.80 -26.60 -26.40 -26.20 -26.00 -25.80 -25.60 -25.40 -25.20 -25.00 -24.80 -24.60 -24.40 -24.20 -24.00 -23.80 -23.60 -23.40 -23.20 -23.00 -22.80 -22.60 -22.40 -22.20 -22.00 -21.80 -21.60 -21.40 -21.19 -20.99 -20.78 -20.58 -20.37 -20.16 -19.94 -19.72 -19.49 -19.25 -19.01 -18.76 -18.50 -18.22 -17.94 -17.65 -17.36 -17.05 -16.75 -16.44 -16.14 -15.84 -15.56 -15.29 -15.04 -14.80 -14.59 -14.40 -14.24 -14.09 -13.96 -13.84 -13.74 -13.64 -13.55 -13.45 -13.36 -13.25 -13.14 -13.02 -12.90 -12.76 -12.61 -12.45 -12.29 -12.12 -11.94 -11.76 -11.57 -11.38 -11.18 -10.99 -10.79 -10.60 -10.40 -10.20 -10.00 -9.80 -9.60 -9.40 -9.20 -9.00 -8.80 -8.60 -8.40 -8.20 -8.00 -7.80 -7.60 -7.40 -7.20 -7.00 -6.80 -6.60 -6.40 -6.20 -6.00
-30.00 -29.80 -29.60 -29.40 -29.20 -29.00 -28.80 -28.60 -28.40 -28.20 -28.00 -27.80 -27.60 -27.40 -27.20 -27.00 -26.80 -26.60 -26.40 -26.20 -26.00 -25.80 -25.60 -25.40 -25.20 -25.00 -24.80 -24.60 -24.40 -24.20 -24.00 -23.80 -23.60 -23.40 -23.20 -23.00 -22.80 -22.60 -22.40 -22.20 -22.00 -21.80 -21.60 -21.40 -21.19 -20.99 -20.79 -20.58 -20.38 -20.17 -19.96 -19.74 -19.52 -19.29 -19.06 -18.82 -18.58 -18.33 -18.07 -17.80 -17.53 -17.26 -16.98 -16.70 -16.43 -16.16 -15.90 -15.65 -15.41 -15.19 -14.98 -14.79 -14.61 -14.45 -14.30 -14.16 -14.03 -13.90 -13.78 -13.66 -13.53 -13.40 -13.27 -13.13 -12.98 -12.82 -12.66 -12.49 -12.32 -12.14 -11.96 -11.77 -11.58 -11.38 -11.19 -10.99 -10.79 -10.60 -10.40 -10.20 -10.00 -9.80 -9.60 -9.40 -9.20 -9.00 -8.80 -8.60 -8.40 -8.20 -8.00 -7.80 -7.60 -7.40 -7.20 -7.00 -6.80 -6.60 -6.40 -6.20 -6.00
-30.00 -29.80 -29.60 -29.40 -29.20 -29.00 -28.80 -28.60 -28.40 -28.20 -28.00 -27.80 -27.60 -27.40 -27.20 -27.00 -26.80 -26.60 -26.40 -26.20 -26.00 -25.80 -25.60 -25.40 -25.20 -25.00 -24.80 -24.60 -24.40 -24.20 -24.00 -23.80 -23.60 -23.40 -23.20 -23.00 -22.80 -22.60 -22.40 -22.20 -22.00 -21.80 -21.60 -21.40 -21.20 -20.99 -20.79 -20.59 -20.38 -20.18 -19.97 -19.76 -19.54 -19.32 -19.10 -18.87 -18.64 -18.41 -18.16 -17.92 -17.67 -17.41 -17.16 -16.90 -16.65 -16.40 -16.16 -15.92 -15.69 -15.48 -15.27 -15.08 -14.89 -14.72 -14.56 -14.40 -14.25 -14.10 -13.96 -13.81 -13.67 -13.52 -13.36 -13.21 -13.04 -12.87 -12.70 -12.52 -12.34 -12.16 -11.97 -11.78 -11.58 -11.39 -11.19 -10.99 -10.80 -10.60 -10.40 -10.20 -10.00 -9.80 -9.60 -9.40 -9.20 -9.00 -8.80 -8.60 -8.40 -8.20 -8.00 -7.80 -7.60 -7.40 -7.20 -7.00 -6.80 -6.60 -6.40 -6.20 -6.00
-30.00 -29.80 -29.60 -29.40 -29.20 -29.00 -28.80 -28.60 -28.40 -28.20 -28.00 -27.80 -27.60 -27.40 -27.20 -27.00 -26.80 -26.60 -26.40 -26.20 -26.00 -25.80 -25.60 -25.40 -25.20 -25.00 -24.80 -24.60 -24.40 -24.20 -24.00 -23.80 -23.60 -23.40 -23.20 -23.00 -22.80 -22.60 -22.40 -22.20 -22.00 -21.80 -21.60 -21.40 -21.20 -21.00 -20.79 -20.59 -20.39 -20.18 -19.98 -19.77 -19.56 -19.35 -19.13 -18.91 -18.69 -18.46 -18.23 -18.00 -17.77 -17.53 -17.29 -17.05 -16.81 -16.58 -16.35 -16.12 -15.90 -15.69 -15.49 -15.29 -15.10 -14.92 -14.75 -14.58 -14.41 -14.25 -14.09 -13.93 -13.77 -13.60 -13.43 -13.26 -13.09 -12.91 -12.73 -12.55 -12.36 -12.17 -11.98 -11.78 -11.59 -11.39 -11.19 -11.00 -10.80 -10.60 -10.40 -10.20 -10.00 -9.80 -9.60 -9.40 -9.20 -9.00 -8.80 -8.60 -8.40 -8.20 -8.00 -7.80 -7.60 -7.40 -7.20 -7.00 -6.80 -6.60 -6.40 -6.20 -6.00
-30.00 -29.80 -29.60 -29.40 -29.20 -29.00 -28.80 -28.60 -28.40 -28.20 -28.00 -27.80 -27.60 -27.40 -27.20 -27.00 -26.80 -26.60 -26.40 -26.20 -26.00 -25.80 -25.60 -25.40 -25.20 -25.00 -24.80 -24.60 -24.40 -24.20 -24.00 -23.80 -23.60 -23.40 -23.20 -23.00 -22.80 -22.60 -22.40 -22.20 -22.00 -21.80 -21.60 -21.40 -21.20 -21.00 -20.80 -20.59 -20.39 -20.19 -19.98 -19.78 -19.57 -19.36 -19.15 -18.94 -18.72 -18.51 -18.28 -18.06 -17.84 -17.61 -17.38 -17.16 -16.93 -16.71 -16.49 -16.27 -16.06 -15.85 -15.64 -15.45 -15.26 -15.07 -14.89 -14.71 -14.53 -14.36 -14.18 -14.01 -13.84 -13.66 -13.48 -13.31 -13.12 -12.94 -12.75 -12.56 -12.37 -12.18 -11.98 -11.79 -11.59 -11.39 -11.20 -11.00 -10.80 -10.60 -10.40 -10.20 -10.00 -9.80 -9.60 -9.40 -9.20 -9.00 -8.80 -8.60 -8.40 -8.20 -8.00 -7.80 -7.60 -7.40 -7.20 -7.00 -6.80 -6.60 -6.40 -6.20 -6.00
-30.00 -29.80 -29.60 -29.40 -29.20 -29.00 -28.80 -28.60 -28.40 -28.20 -28.00 -27.80 -27.60 -27.40 -27.20 -27.00 -26.80 -26.60 -26.40 -26.20 -26.00 -25.80 -25.60 -25.40 -25.20 -25.00 -24.80 -24.60 -24.40 -24.20 -24.00 -23.80 -23.60 -23.40 -23.20 -23.00 -22.80 -22.60 -22.40 -22.20 -22.00 -21.80 -21.60 -21.40 -21.20 -21.00 -20.80 -20.60 -20.39 -20.19 -19.99 -19.79 -19.58 -19.37 -19.17 -18.96 -18.75 -18.54 -18.32 -18.11 -17.89 -17.67 -17.45 -17.23 -17.02 -16.80 -16.59 -16.37 -16.17 -15.96 -15.76 -15.56 -15.37 -15.17 -14.99 -14.80 -14.62 -14.43 -14.25 -14.07 -13.89 -13.71 -13.52 -13.34 -13.15 -12.96 -12.77 -12.57 -12.38 -12.19 -11.99 -11.79 -11.59 -11.40 -11.20 -11.00 -10.80 -10.60 -10.40 -10.20 -10.00 -9.80 -9.60 -9.40 -9.20 -9.00 -8.80 -8.60 -8.40 -8.20 -8.00 -7.80 -7.60 -7.40 -7.20 -7.00 -6.80 -6.60 -6.40 -6.20 -6.00
-30.00 -29.80 -29.60 -29.40 -29.20 -29.00 -28.80 -28.60 -28.40 -28.20 -28.00 -27.80 -27.60 -27.40 -27.20 -27.00 -26.80 -26.60 -26.40 -26.20 -26.00 -25.80 -25.60 -25.40 -25.20 -25.00 -24.80 -24.60 -24.40 -24.20 -24.00 -23.80 -23.60 -23.40 -23.20 -23.00 -22.80 -22.60 -22.40 -22.20 -22.00 -21.80 -21.60 -21.40 -21.20 -21.00 -20.80 -20.60 -20.40 -20.19 -19.99 -19.79 -19.59 -19.38 -19.18 -18.97 -18.76 -18.56 -18.35 -18.14 -17.93 -17.71 -17.50 -17.29 -17.08 -16.87 -16.66 -16.45 -16.24 -16.04 -15.84 -15.64 -15.44 -15.25 -15.06 -14.87 -14.68 -14.49 -14.30 -14.11 -13.93 -13.74 -13.55 -13.36 -13.16 -12.97 -12.78 -12.58 -12.39 -12.19 -11.99 -11.79 -11.60 -11.40 -11.20 -11.00 -10.80 -10.60 -10.40 -10.20 -10.00 -9.80 -9.60 -9.40 -9.20 -9.00 -8.80 -8.60 -8.40 -8.20 -8.00 -7.80 -7.60 -7.40 -7.20 -7.00 -6.80 -6.60 -6.40 -6.20 -6.00
-30.00 -29.80 -29.60 -29.40 -29.20 -29.00 -28.80 -28.60 -28.40 -28.20 -28.00 -27.80 -27.60 -27.40 -27.20 -27.00 -26.80 -26.60 -26.40 -26.20 -26.00 -25.80 -25.60 -25.40 -25.20 -25.00 -24.80 -24.60 -24.40 -24.20 -24.00 -23.80 -23.60 -23.40 -23.20 -23.00 -22.80 -22.60 -22.40 -22.20 -22.00 -21.80 -21.60 -21.40 -21.20 -21.00 -20.80 -20.60 -20.40 -20.20 -20.00 -19.79 -19.59 -19.39 -19.19 -18.98 -18.78 -18.57 -18.37 -18.16 -17.95 -17.74 -17.53 -17.33 -17.12 -16.91 -16.71 -16.50 -16.30 -16.09 -15.89 -15.69 -15.50 -15.30 -15.11 -14.91 -14.72 -14.53 -14.33 -14.14 -13.95 -13.76 -13.57 -13.37 -13.18 -12.98 -12.79 -12.59 -12.39 -12.19 -12.00 -11.80 -11.60 -11.40 -11.20 -11.00 -10.80 -10.60 -10.40 -10.20 -10.00 -9.80 -9.60 -9.40 -9.20 -9.00 -8.80 -8.60 -8.40 -8.20 -8.00 -7.80 -7.60 -7.40 -7.20 -7.00 -6.80 -6.60 -6.40 -6.20 -6.00
-30.00 -29.80 -29.60 -29.40 -29.20 -29.00 -28.80 -28.60 -28.40 -28.20 -28.00 -27.80 -27.60 -27.40 -27.20 -27.00 -26.80 -26.60 -26.40 -26.20 -26.00 -25.80 -25.60 -25.40 -25.20 -25.00 -24.80 -24.60 -24.40 -24.20 -24.00 -23.80 -23.60 -23.40 -23.20 -23.00 -22.80 -22.60 -22.40 -22.20 -22.00 -21.80 -21.60 -21.40 -21.20 -21.00 -20.80 -20.60 -20.40 -20.20 -20.00 -19.80 -19.59 -19.39 -19.19 -18.99 -18.78 -18.58 -18.38 -18.17 -17.97 -17.76 -17.56 -17.35 -17.15 -16.94 -16.74 -16.53 -16.33 -16.13 -15.93 -15.73 -15.53 -15.33 -15.14 -14.94 -14.75 -14.55 -14.36 -14.16 -13.97 -13.77 -13.58 -13.38 -13.18 -12.99 -12.79 -12.59 -12.39 -12.20 -12.00 -11.80 -11.60 -11.40 -11.20 -11.00 -10.80 -10.60 -10.40 -10.20 -10.00 -9.80 -9.60 -9.40 -9.20 -9.00 -8.80 -8.60 -8.40 -8.20 -8.00 -7.80 -7.60 -7.40 -7.20 -7.00 -6.80 -6.60 -6.40 -6.20 -6.00
-30.00 -29.80 -29.60 -29.40 -29.20 -29.00 -28.80 -28.60 -28.40 -28.20 -28.00 -27.80 -27.60 -27.40 -27.20 -27.00 -26.80 -26.60 -26.40 -26.20 -26.00 -25.80 -25.60 -25.40 -25.20 -25.00 -24.80 -24.60 -24.40 -24.20 -24.00 -23.80 -23.60 -23.40 -23.20 -23.00 -22.80 -22.60 -22.40 -22.20 -22.00 -21.80 -21.60 -21.40 -21.20 -21.00 -20.80 -20.60 -20.40 -20.20 -20.00 -19.80 -19.60 -19.40 -19.19 -18.99 -18.79 -18.59 -18.39 -18.18 -17.98 -17.78 -17.57 -17.37 -17.17 -16.96 -16.76 -16.56 -16.36 -16.16 -15.96 -15.76 -15.56 -15.36 -15.16 -14.96 -14.77 -14.57 -14.37 -14.18 -13.98 -13.78 -13.59 -13.39 -13.19 -12.99 -12.79 -12.60 -12.40 -12.20 -12.00 -11.80 -11.60 -11.40 -11.20 -11.00 -10.80 -10.60 -10.40 -10.20 -10.00 -9.80 -9.60 -9.40 -9.20 -9.00 -8.80 -8.60 -8.40 -8.20 -8.00 -7.80 -7.60 -7.40 -7.20 -7.00 -6.80 -6.60 -6.40 -6.20 -6.00
-30.00 -29.80 -29.60 -29.40 -29.20 -29.00 -28.80 -28.60 -28.40 -28.20 -28.00 -27.80 -27.60 -27.40 -27.20 -27.00 -26.80 -26.60 -26.40 -26.20 -26.00 -25.80 -25.60 -25.40 -25.20 -25.00 -24.80 -24.60 -24.40 -24.20 -24.00 -23.80 -23.60 -23.40 -23.20 -23.00 -22.80 -22.60 -22.40 -22.20 -22.00 -21.80 -21.60 -21.40 -21.20 -21.00 -20.80 -20.60 -20.40 -20.20 -20.00 -19.80 -19.60 -19.40 -19.20 -19.00 -18.79 -18.59 -18.39 -18.19 -17.99 -17.78 -17.58 -17.38 -17.18 -16.98 -16.78 -16.57 -16.37 -16.17 -15.97 -15.77 -15.57 -15.37 -15.18 -14.98 -14.78 -14.58 -14.38 -14.18 -13.99 -13.79 -13.59 -13.39 -13.19 -13.00 -12.80 -12.60 -12.40 -12.20 -12.00 -11.80 -11.60 -11.40 -11.20 -11.00 -10.80 -10.60 -10.40 -10.20 -10.00 -9.80 -9.60 -9.40 -9.20 -9.00 -8.80 -8.60 -8.40 -8.20 -8.00 -7.80 -7.60 -7.40 -7.20 -7.00 -6.80 -6.60 -6.40 -6.20 -6.00
