SWAN   1
$ synthetic boundary spectra (validation)
TIME
     1
LOCATIONS
     3
         0.000          0.000
         0.000      10000.000
     20000.000          0.000
AFREQ
    20
    0.0500000000
    0.0557828959
    0.0622346295
    0.0694325571
    0.0774629821
    0.0864221893
    0.0964175998
    0.1075690586
    0.1200102720
    0.1338904101
    0.1493758962
    0.1666524013
    0.1859270710
    0.2074310089
    0.2314220475
    0.2581878396
    0.2880493075
    0.3213644906
    0.3585328385
    0.4000000000
CDIR
    24
    0.000000
   15.000000
   30.000000
   45.000000
   60.000000
   75.000000
   90.000000
  105.000000
  120.000000
  135.000000
  150.000000
  165.000000
  180.000000
  195.000000
  210.000000
  225.000000
  240.000000
  255.000000
  270.000000
  285.000000
  300.000000
  315.000000
  330.000000
  345.000000
QUANT
     1
VaDens
m2/Hz/degr
   -0.9900E+02
20261005.000000
FACTOR
  1.778014420108E-10
0 0 0 0 0 0 0 0 0 0 0 0 0 0 0 0 0 0 0 0 0 0 0 0
0 0 0 0 0 0 0 0 0 0 0 0 0 0 0 0 0 0 0 0 0 0 0 0
6 6 5 3 1 0 0 0 0 0 0 0 0 0 0 0 0 0 0 0 0 1 2 4
4612 4828 3837 2297 1016 321 69 9 1 0 0 0 0 0 0 0 0 0 4 37 201 720 1812 3340
280578 293717 233437 139720 61796 19544 4194 562 41 1 0 0 0 0 0 0 0 14 253 2273 12257 43793 110235 203166
3276655 3430097 2726130 1631681 721663 228239 48976 6559 478 15 0 0 0 0 0 0 4 168 2958 26547 143138 511430 1287349 2372616
13261169 13882172 11033099 6603683 2920691 923722 198216 26547 1934 60 0 0 0 0 0 0 15 680 11972 107441 579304 2069841 5210114 9602369
31435432 32907510 26153821 15653946 6923460 2189671 469867 62928 4585 143 1 0 0 0 0 0 35 1612 28379 254687 1373233 4906532 12350510 22762294
95526617 100000000 79476755 47569524 21039149 6654016 1427842 191227 13934 434 4 0 0 0 0 0 105 4899 86238 773946 4173007 14910066 37530975 69170512
80860413 84646998 67274687 40266174 17809008 5632425 1208626 161868 11795 367 3 0 0 0 0 0 89 4147 72998 655122 3532325 12620923 31768843 58550762
30649838 32085129 25500219 15262743 6750438 2134950 458125 61356 4471 139 1 0 0 0 0 0 34 1572 27669 248322 1338915 4783914 12041862 22193448
19684199 20605983 16376967 9802168 4335324 1371125 294221 39404 2871 89 1 0 0 0 0 0 22 1009 17770 159479 859889 3072366 7733626 14253264
13086786 13699622 10888015 6516845 2882284 911575 195609 26197 1909 59 0 0 0 0 0 0 14 671 11814 106028 571686 2042623 5141602 9476099
8288918 8677077 6896259 4127644 1825583 577374 123895 16593 1209 38 0 0 0 0 0 0 9 425 7483 67156 362095 1293758 3256592 6001979
5084201 5322287 4229981 2531787 1119764 354146 75994 10178 742 23 0 0 0 0 0 0 6 261 4590 41192 222099 793557 1997506 3681453
3054566 3197607 2541354 1521087 672749 212769 45657 6115 446 14 0 0 0 0 0 0 3 157 2758 24748 133436 476765 1200093 2211801
1810791 1895588 1506552 901722 398816 126133 27066 3625 264 8 0 0 0 0 0 0 2 93 1635 14671 79103 282633 711433 1311188
1064237 1114074 885430 529960 234392 74131 15907 2130 155 5 0 0 0 0 0 0 1 55 961 8622 46490 166109 418123 770611
621998 651125 517493 309737 136991 43326 9297 1245 91 3 0 0 0 0 0 0 1 32 562 5039 27171 97083 244373 450386
362224 379186 301365 180377 79778 25231 5414 725 53 2 0 0 0 0 0 0 0 19 327 2935 15823 56537 142312 262285
FACTOR
  4.891882758628E-10
0 0 0 0 0 0 0 0 0 0 0 0 0 0 0 0 0 0 0 0 0 0 0 0
6 9 11 9 6 3 1 0 0 0 0 0 0 0 0 0 0 0 0 0 0 0 1 3
3822 5801 6655 5801 3822 1875 666 164 26 2 0 0 0 0 0 0 0 0 0 2 26 164 666 1875
199566 302888 347524 302888 199566 97911 34792 8560 1358 124 5 0 0 0 0 0 0 0 5 124 1358 8560 34792 97911
2111864 3205255 3677609 3205255 2111864 1036123 368176 90580 14366 1308 56 1 0 0 0 0 0 1 56 1308 14366 90580 368176 1036123
8035914 12196407 13993774 12196407 8035914 3942579 1400957 344668 54663 4978 214 3 0 0 0 0 0 3 214 4978 54663 344668 1400957 3942579
18920633 28716551 32948467 28716551 18920633 9282838 3298567 811525 128705 11722 503 7 0 0 0 0 0 7 503 11722 128705 811525 3298567 9282838
57424927 87155954 100000000 87155954 57424927 28173807 10011292 2463012 390625 35576 1526 21 0 0 0 0 0 21 1526 35576 390625 2463012 10011292 28173807
41886191 63572234 72940782 63572234 41886191 20550195 7302314 1796540 284925 25949 1113 15 0 0 0 0 0 15 1113 25949 284925 1796540 7302314 20550195
16428065 24933487 28607899 24933487 16428065 8059934 2864020 704616 111750 10177 437 6 0 0 0 0 0 6 437 10177 111750 704616 2864020 8059934
10735693 16293962 18695179 16293962 10735693 5267144 1871629 460464 73028 6651 285 4 0 0 0 0 0 4 285 6651 73028 460464 1871629 5267144
7108058 10788165 12378001 10788165 7108058 3487354 1239198 304872 48352 4404 189 3 0 0 0 0 0 3 189 4404 48352 304872 1239198 3487354
4488757 6812753 7816739 6812753 4488757 2202273 782557 192527 30534 2781 119 2 0 0 0 0 0 2 119 2781 30534 192527 782557 2202273
2748010 4170757 4785396 4170757 2748010 1348228 479080 117865 18693 1702 73 1 0 0 0 0 0 1 73 1702 18693 117865 479080 1348228
1648951 2502674 2871490 2502674 1648951 809008 287473 70725 11217 1022 44 1 0 0 0 0 0 1 44 1022 11217 70725 287473 809008
976742 1482437 1700902 1482437 976742 479209 170282 41893 6644 605 26 0 0 0 0 0 0 0 26 605 6644 41893 170282 479209
573754 870808 999138 870808 573754 281495 100027 24609 3903 355 15 0 0 0 0 0 0 0 15 355 3903 24609 100027 281495
335221 508778 583756 508778 335221 164466 58441 14378 2280 208 9 0 0 0 0 0 0 0 9 208 2280 14378 58441 164466
195176 296226 339880 296226 195176 95757 34026 8371 1328 121 5 0 0 0 0 0 0 0 5 121 1328 8371 34026 95757
113383 172085 197445 172085 113383 55628 19767 4863 771 70 3 0 0 0 0 0 0 0 3 70 771 4863 19767 55628
FACTOR
  1.045853483174E-10
0 0 0 0 0 0 0 0 0 0 0 0 0 0 0 0 0 0 0 0 0 0 0 0
0 0 0 0 0 0 0 0 0 0 0 0 0 0 0 0 0 0 0 0 0 0 0 0
0 0 0 0 0 0 0 0 0 0 0 0 0 0 0 0 0 0 0 0 0 0 0 0
0 0 0 1 1 1 0 0 0 0 0 0 0 0 0 0 0 0 0 0 0 0 0 0
140 393 801 1216 1395 1216 801 393 140 34 5 0 0 0 0 0 0 0 0 0 0 0 5 34
13605 38287 78038 118441 135895 118441 78038 38287 13605 3347 531 48 2 0 0 0 0 0 0 0 2 48 531 3347
215299 605895 1234959 1874343 2150562 1874343 1234959 605895 215299 52969 8401 765 33 0 0 0 0 0 0 0 33 765 8401 52969
1056663 2973663 6061033 9199056 10554707 9199056 6061033 2973663 1056663 259964 41229 3755 161 2 0 0 0 0 0 2 161 3755 41229 259964
2642922 7437719 15159843 23008659 26399412 23008659 15159843 7437719 2642922 650221 103123 9392 403 6 0 0 0 0 0 6 403 9392 103123 650221
7578936 21328666 43472900 65980442 75703884 65980442 43472900 21328666 7578936 1864596 295718 26932 1155 16 0 0 0 0 0 16 1155 26932 295718 1864596
10011292 28173807 57424927 87155954 100000000 87155954 57424927 28173807 10011292 2463012 390625 35576 1526 21 0 0 0 0 0 21 1526 35576 390625 2463012
3642501 10250737 20893442 31710757 36383925 31710757 20893442 10250737 3642501 896140 142125 12944 555 8 0 0 0 0 0 8 555 12944 142125 896140
2167843 6100750 12434781 18872732 21653979 18872732 12434781 6100750 2167843 533340 84586 7704 330 5 0 0 0 0 0 5 330 7704 84586 533340
1457325 4101208 8359238 12687128 14556812 12687128 8359238 4101208 1457325 358536 56863 5179 222 3 0 0 0 0 0 3 222 5179 56863 358536
931530 2621514 5343269 8109679 9304790 8109679 5343269 2621514 931530 229178 36347 3310 142 2 0 0 0 0 0 2 142 3310 36347 229178
574763 1617499 3296848 5003749 5741144 5003749 3296848 1617499 574763 141405 22426 2042 88 1 0 0 0 0 0 1 88 2042 22426 141405
346635 975501 1988303 3017722 3462439 3017722 1988303 975501 346635 85280 13525 1232 53 1 0 0 0 0 0 1 53 1232 13525 85280
205997 579717 1181601 1793360 2057645 1793360 1181601 579717 205997 50680 8038 732 31 0 0 0 0 0 0 0 31 732 8038 50680
121261 341253 695555 1055669 1211242 1055669 695555 341253 121261 29833 4731 431 18 0 0 0 0 0 0 0 18 431 4731 29833
70944 199651 406937 617623 708642 617623 406937 199651 70944 17454 2768 252 11 0 0 0 0 0 0 0 11 252 2768 17454
20261005.010000
FACTOR
  3.484908263412E-10
0 0 0 0 0 0 0 0 0 0 0 0 0 0 0 0 0 0 0 0 0 0 0 0
0 0 0 0 0 0 0 0 0 0 0 0 0 0 0 0 0 0 0 0 0 0 0 0
6 6 5 3 1 0 0 0 0 0 0 0 0 0 0 0 0 0 0 0 0 1 2 4
4612 4828 3837 2297 1016 321 69 9 1 0 0 0 0 0 0 0 0 0 4 37 201 720 1812 3340
280578 293717 233437 139720 61796 19544 4194 562 41 1 0 0 0 0 0 0 0 14 253 2273 12257 43793 110235 203166
3276655 3430097 2726130 1631681 721663 228239 48976 6559 478 15 0 0 0 0 0 0 4 168 2958 26547 143138 511430 1287349 2372616
13261169 13882172 11033099 6603683 2920691 923722 198216 26547 1934 60 0 0 0 0 0 0 15 680 11972 107441 579304 2069841 5210114 9602369
31435432 32907510 26153821 15653946 6923460 2189671 469867 62928 4585 143 1 0 0 0 0 0 35 1612 28379 254687 1373233 4906532 12350510 22762294
95526617 100000000 79476755 47569524 21039149 6654016 1427842 191227 13934 434 4 0 0 0 0 0 105 4899 86238 773946 4173007 14910066 37530975 69170512
80860413 84646998 67274687 40266174 17809008 5632425 1208626 161868 11795 367 3 0 0 0 0 0 89 4147 72998 655122 3532325 12620923 31768843 58550762
30649838 32085129 25500219 15262743 6750438 2134950 458125 61356 4471 139 1 0 0 0 0 0 34 1572 27669 248322 1338915 4783914 12041862 22193448
19684199 20605983 16376967 9802168 4335324 1371125 294221 39404 2871 89 1 0 0 0 0 0 22 1009 17770 159479 859889 3072366 7733626 14253264
13086786 13699622 10888015 6516845 2882284 911575 195609 26197 1909 59 0 0 0 0 0 0 14 671 11814 106028 571686 2042623 5141602 9476099
8288918 8677077 6896259 4127644 1825583 577374 123895 16593 1209 38 0 0 0 0 0 0 9 425 7483 67156 362095 1293758 3256592 6001979
5084201 5322287 4229981 2531787 1119764 354146 75994 10178 742 23 0 0 0 0 0 0 6 261 4590 41192 222099 793557 1997506 3681453
3054566 3197607 2541354 1521087 672749 212769 45657 6115 446 14 0 0 0 0 0 0 3 157 2758 24748 133436 476765 1200093 2211801
1810791 1895588 1506552 901722 398816 126133 27066 3625 264 8 0 0 0 0 0 0 2 93 1635 14671 79103 282633 711433 1311188
1064237 1114074 885430 529960 234392 74131 15907 2130 155 5 0 0 0 0 0 0 1 55 961 8622 46490 166109 418123 770611
621998 651125 517493 309737 136991 43326 9297 1245 91 3 0 0 0 0 0 0 1 32 562 5039 27171 97083 244373 450386
362224 379186 301365 180377 79778 25231 5414 725 53 2 0 0 0 0 0 0 0 19 327 2935 15823 56537 142312 262285
FACTOR
  5.559825654324E-10
0 0 0 0 0 0 0 0 0 0 0 0 0 0 0 0 0 0 0 0 0 0 0 0
129 238 329 344 274 164 72 23 5 1 0 0 0 0 0 0 0 0 0 0 0 3 14 51
20613 37989 52464 54921 43650 26126 11555 3654 784 105 8 0 0 0 0 0 0 0 0 3 47 425 2292 8189
448374 826364 1141234 1194677 949490 568302 251350 79494 17058 2285 166 5 0 0 0 0 0 0 1 59 1030 9246 49854 178127
2698487 4973378 6868388 7190026 5714399 3420261 1512720 478425 102662 13749 1002 31 0 0 0 0 0 0 8 352 6201 55647 300040 1072038
7396566 13632054 18826288 19707898 15663198 9374953 4146374 1311367 281398 37687 2746 85 1 0 0 0 0 0 21 965 16996 152529 822412 2938461
19386195 35729235 49343179 51653853 41052807 24571492 10867531 3437056 737536 98776 7197 224 2 0 0 0 0 0 54 2530 44545 399773 2155519 7701624
37530975 69170512 95526617 100000000 79476755 47569524 21039149 6654016 1427842 191227 13934 434 4 0 0 0 0 0 105 4899 86238 773946 4173007 14910066
14595401 26899685 37149297 38888948 30907674 18499288 8181904 2587677 555273 74366 5419 169 1 0 0 0 0 0 41 1905 33537 300980 1622838 5798368
7789192 14355673 19825628 20754036 16494634 9872596 4366472 1380977 296335 39687 2892 90 1 0 0 0 0 0 22 1017 17898 160625 866067 3094440
5272068 9716551 13418857 14047244 11164294 6682207 2955421 934706 200572 26862 1957 61 1 0 0 0 0 0 15 688 12114 108718 586192 2094453
3402326 6270571 8659853 9065382 7204871 4312359 1907279 603212 129439 17336 1263 39 0 0 0 0 0 0 10 444 7818 70161 378299 1351654
2112297 3893015 5376374 5628142 4473065 2677281 1184113 374498 80361 10763 784 24 0 0 0 0 0 0 6 276 4854 43559 234863 839160
1279008 2357243 3255425 3407872 2708466 1621109 716987 226760 48659 6517 475 15 0 0 0 0 0 0 4 167 2939 26375 142211 508116
762046 1404469 1939615 2030445 1613732 965873 427188 135106 28992 3883 283 9 0 0 0 0 0 0 2 99 1751 15715 84731 302741
449329 828124 1143664 1197221 951512 569512 251885 79663 17094 2289 167 5 0 0 0 0 0 0 1 59 1032 9266 49960 178506
263164 485018 669824 701191 557284 333553 147525 46657 10012 1341 98 3 0 0 0 0 0 0 1 34 605 5427 29261 104548
153463 282836 390605 408897 324978 194510 86028 27208 5838 782 57 2 0 0 0 0 0 0 0 20 353 3165 17063 60967
89241 164473 227142 237779 188979 113110 50027 15822 3395 455 33 1 0 0 0 0 0 0 0 12 205 1840 9923 35453
51801 95471 131848 138022 109695 65656 29039 9184 1971 264 19 1 0 0 0 0 0 0 0 7 119 1068 5760 20579
FACTOR
  1.045853483174E-10
0 0 0 0 0 0 0 0 0 0 0 0 0 0 0 0 0 0 0 0 0 0 0 0
0 0 0 0 0 0 0 0 0 0 0 0 0 0 0 0 0 0 0 0 0 0 0 0
0 0 0 0 0 0 0 0 0 0 0 0 0 0 0 0 0 0 0 0 0 0 0 0
0 0 0 1 1 1 0 0 0 0 0 0 0 0 0 0 0 0 0 0 0 0 0 0
140 393 801 1216 1395 1216 801 393 140 34 5 0 0 0 0 0 0 0 0 0 0 0 5 34
13605 38287 78038 118441 135895 118441 78038 38287 13605 3347 531 48 2 0 0 0 0 0 0 0 2 48 531 3347
215299 605895 1234959 1874343 2150562 1874343 1234959 605895 215299 52969 8401 765 33 0 0 0 0 0 0 0 33 765 8401 52969
1056663 2973663 6061033 9199056 10554707 9199056 6061033 2973663 1056663 259964 41229 3755 161 2 0 0 0 0 0 2 161 3755 41229 259964
2642922 7437719 15159843 23008659 26399412 23008659 15159843 7437719 2642922 650221 103123 9392 403 6 0 0 0 0 0 6 403 9392 103123 650221
7578936 21328666 43472900 65980442 75703884 65980442 43472900 21328666 7578936 1864596 295718 26932 1155 16 0 0 0 0 0 16 1155 26932 295718 1864596
10011292 28173807 57424927 87155954 100000000 87155954 57424927 28173807 10011292 2463012 390625 35576 1526 21 0 0 0 0 0 21 1526 35576 390625 2463012
3642501 10250737 20893442 31710757 36383925 31710757 20893442 10250737 3642501 896140 142125 12944 555 8 0 0 0 0 0 8 555 12944 142125 896140
2167843 6100750 12434781 18872732 21653979 18872732 12434781 6100750 2167843 533340 84586 7704 330 5 0 0 0 0 0 5 330 7704 84586 533340
1457325 4101208 8359238 12687128 14556812 12687128 8359238 4101208 1457325 358536 56863 5179 222 3 0 0 0 0 0 3 222 5179 56863 358536
931530 2621514 5343269 8109679 9304790 8109679 5343269 2621514 931530 229178 36347 3310 142 2 0 0 0 0 0 2 142 3310 36347 229178
574763 1617499 3296848 5003749 5741144 5003749 3296848 1617499 574763 141405 22426 2042 88 1 0 0 0 0 0 1 88 2042 22426 141405
346635 975501 1988303 3017722 3462439 3017722 1988303 975501 346635 85280 13525 1232 53 1 0 0 0 0 0 1 53 1232 13525 85280
205997 579717 1181601 1793360 2057645 1793360 1181601 579717 205997 50680 8038 732 31 0 0 0 0 0 0 0 31 732 8038 50680
121261 341253 695555 1055669 1211242 1055669 695555 341253 121261 29833 4731 431 18 0 0 0 0 0 0 0 18 431 4731 29833
70944 199651 406937 617623 708642 617623 406937 199651 70944 17454 2768 252 11 0 0 0 0 0 0 0 11 252 2768 17454
20261005.020000
FACTOR
  5.760766721150E-10
0 0 0 0 0 0 0 0 0 0 0 0 0 0 0 0 0 0 0 0 0 0 0 0
0 0 0 0 0 0 0 0 0 0 0 0 0 0 0 0 0 0 0 0 0 0 0 0
6 6 5 3 1 0 0 0 0 0 0 0 0 0 0 0 0 0 0 0 0 1 2 4
4612 4828 3837 2297 1016 321 69 9 1 0 0 0 0 0 0 0 0 0 4 37 201 720 1812 3340
280578 293717 233437 139720 61796 19544 4194 562 41 1 0 0 0 0 0 0 0 14 253 2273 12257 43793 110235 203166
3276655 3430097 2726130 1631681 721663 228239 48976 6559 478 15 0 0 0 0 0 0 4 168 2958 26547 143138 511430 1287349 2372616
13261169 13882172 11033099 6603683 2920691 923722 198216 26547 1934 60 0 0 0 0 0 0 15 680 11972 107441 579304 2069841 5210114 9602369
31435432 32907510 26153821 15653946 6923460 2189671 469867 62928 4585 143 1 0 0 0 0 0 35 1612 28379 254687 1373233 4906532 12350510 22762294
95526617 100000000 79476755 47569524 21039149 6654016 1427842 191227 13934 434 4 0 0 0 0 0 105 4899 86238 773946 4173007 14910066 37530975 69170512
80860413 84646998 67274687 40266174 17809008 5632425 1208626 161868 11795 367 3 0 0 0 0 0 89 4147 72998 655122 3532325 12620923 31768843 58550762
30649838 32085129 25500219 15262743 6750438 2134950 458125 61356 4471 139 1 0 0 0 0 0 34 1572 27669 248322 1338915 4783914 12041862 22193448
19684199 20605983 16376967 9802168 4335324 1371125 294221 39404 2871 89 1 0 0 0 0 0 22 1009 17770 159479 859889 3072366 7733626 14253264
13086786 13699622 10888015 6516845 2882284 911575 195609 26197 1909 59 0 0 0 0 0 0 14 671 11814 106028 571686 2042623 5141602 9476099
8288918 8677077 6896259 4127644 1825583 577374 123895 16593 1209 38 0 0 0 0 0 0 9 425 7483 67156 362095 1293758 3256592 6001979
5084201 5322287 4229981 2531787 1119764 354146 75994 10178 742 23 0 0 0 0 0 0 6 261 4590 41192 222099 793557 1997506 3681453
3054566 3197607 2541354 1521087 672749 212769 45657 6115 446 14 0 0 0 0 0 0 3 157 2758 24748 133436 476765 1200093 2211801
1810791 1895588 1506552 901722 398816 126133 27066 3625 264 8 0 0 0 0 0 0 2 93 1635 14671 79103 282633 711433 1311188
1064237 1114074 885430 529960 234392 74131 15907 2130 155 5 0 0 0 0 0 0 1 55 961 8622 46490 166109 418123 770611
621998 651125 517493 309737 136991 43326 9297 1245 91 3 0 0 0 0 0 0 1 32 562 5039 27171 97083 244373 450386
362224 379186 301365 180377 79778 25231 5414 725 53 2 0 0 0 0 0 0 0 19 327 2935 15823 56537 142312 262285
FACTOR
  5.184869111518E-10
2 4 7 8 8 6 3 1 0 0 0 0 0 0 0 0 0 0 0 0 0 0 0 1
1197 2707 4522 5690 5435 3936 2135 848 237 44 5 0 0 0 0 0 0 0 0 0 1 11 81 379
67317 152204 254295 319962 305649 221319 120085 47707 13352 2476 276 16 0 0 0 0 0 0 0 1 45 612 4569 21290
747287 1689615 2822923 3551886 3392996 2456858 1333057 529589 148220 27490 3063 174 4 0 0 0 0 0 0 15 495 6792 50715 236343
2929732 6624126 11067255 13925147 13302222 9632096 5226243 2076249 581097 107773 12009 682 15 0 0 0 0 0 0 60 1940 26629 198829 926582
6915397 15635714 26123361 32869184 31398820 22735783 12336125 4900817 1371633 254390 28346 1610 35 0 0 0 0 0 1 143 4580 62855 469320 2187121
21039149 47569524 79476755 100000000 95526617 69170512 37530975 14910066 4173007 773946 86238 4899 105 0 0 0 0 0 4 434 13934 191227 1427842 6654016
16491677 37287688 62298382 78385664 74879174 54219766 29418904 11687354 3271039 606663 67598 3840 82 0 0 0 0 0 3 340 10922 149895 1119224 5215795
6354490 14367505 24004500 30203171 28852068 20891688 11335545 4503313 1260380 233756 26046 1480 32 0 0 0 0 0 1 131 4209 57757 431254 2009724
4119616 9314453 15562117 19580716 18704795 13544081 7348833 2919498 817105 151544 16886 959 21 0 0 0 0 0 1 85 2728 37444 279582 1302904
2733121 6179587 10324542 12990643 12409522 8985695 4875515 1936914 542100 100541 11203 636 14 0 0 0 0 0 0 56 1810 24842 185486 864400
1728463 3908057 6529383 8215463 7847954 5682678 3083343 1224931 342832 63583 7085 402 9 0 0 0 0 0 0 36 1145 15710 117304 546658
1059148 2394734 4001001 5034178 4808980 3482167 1889376 750599 210077 38962 4341 247 5 0 0 0 0 0 0 22 701 9627 71880 334975
635927 1437831 2402255 3022588 2887376 2090739 1134407 450670 126133 23393 2607 148 3 0 0 0 0 0 0 13 421 5780 43158 201123
376832 852017 1423507 1791098 1710975 1238912 672217 267054 74743 13862 1545 88 2 0 0 0 0 0 0 8 250 3425 25574 119180
221413 500614 836401 1052384 1005307 727939 394970 156911 43916 8145 908 52 1 0 0 0 0 0 0 5 147 2012 15026 70026
129383 292536 488754 614965 587455 425374 230802 91692 25663 4759 530 30 1 0 0 0 0 0 0 3 86 1176 8781 40920
75339 170341 284597 358089 342070 247692 134394 53391 14943 2771 309 18 0 0 0 0 0 0 0 2 50 685 5113 23827
43769 98962 165341 208037 198730 143900 78078 31018 8681 1610 179 10 0 0 0 0 0 0 0 1 29 398 2970 13843
25391 57409 95916 120684 115285 83478 45294 17994 5036 934 104 6 0 0 0 0 0 0 0 1 17 231 1723 8030
FACTOR
  1.045853483174E-10
0 0 0 0 0 0 0 0 0 0 0 0 0 0 0 0 0 0 0 0 0 0 0 0
0 0 0 0 0 0 0 0 0 0 0 0 0 0 0 0 0 0 0 0 0 0 0 0
0 0 0 0 0 0 0 0 0 0 0 0 0 0 0 0 0 0 0 0 0 0 0 0
0 0 0 1 1 1 0 0 0 0 0 0 0 0 0 0 0 0 0 0 0 0 0 0
140 393 801 1216 1395 1216 801 393 140 34 5 0 0 0 0 0 0 0 0 0 0 0 5 34
13605 38287 78038 118441 135895 118441 78038 38287 13605 3347 531 48 2 0 0 0 0 0 0 0 2 48 531 3347
215299 605895 1234959 1874343 2150562 1874343 1234959 605895 215299 52969 8401 765 33 0 0 0 0 0 0 0 33 765 8401 52969
1056663 2973663 6061033 9199056 10554707 9199056 6061033 2973663 1056663 259964 41229 3755 161 2 0 0 0 0 0 2 161 3755 41229 259964
2642922 7437719 15159843 23008659 26399412 23008659 15159843 7437719 2642922 650221 103123 9392 403 6 0 0 0 0 0 6 403 9392 103123 650221
7578936 21328666 43472900 65980442 75703884 65980442 43472900 21328666 7578936 1864596 295718 26932 1155 16 0 0 0 0 0 16 1155 26932 295718 1864596
10011292 28173807 57424927 87155954 100000000 87155954 57424927 28173807 10011292 2463012 390625 35576 1526 21 0 0 0 0 0 21 1526 35576 390625 2463012
3642501 10250737 20893442 31710757 36383925 31710757 20893442 10250737 3642501 896140 142125 12944 555 8 0 0 0 0 0 8 555 12944 142125 896140
2167843 6100750 12434781 18872732 21653979 18872732 12434781 6100750 2167843 533340 84586 7704 330 5 0 0 0 0 0 5 330 7704 84586 533340
1457325 4101208 8359238 12687128 14556812 12687128 8359238 4101208 1457325 358536 56863 5179 222 3 0 0 0 0 0 3 222 5179 56863 358536
931530 2621514 5343269 8109679 9304790 8109679 5343269 2621514 931530 229178 36347 3310 142 2 0 0 0 0 0 2 142 3310 36347 229178
574763 1617499 3296848 5003749 5741144 5003749 3296848 1617499 574763 141405 22426 2042 88 1 0 0 0 0 0 1 88 2042 22426 141405
346635 975501 1988303 3017722 3462439 3017722 1988303 975501 346635 85280 13525 1232 53 1 0 0 0 0 0 1 53 1232 13525 85280
205997 579717 1181601 1793360 2057645 1793360 1181601 579717 205997 50680 8038 732 31 0 0 0 0 0 0 0 31 732 8038 50680
121261 341253 695555 1055669 1211242 1055669 695555 341253 121261 29833 4731 431 18 0 0 0 0 0 0 0 18 431 4731 29833
70944 199651 406937 617623 708642 617623 406937 199651 70944 17454 2768 252 11 0 0 0 0 0 0 0 11 252 2768 17454
20261005.030000
FACTOR
  8.605589793322E-10
0 0 0 0 0 0 0 0 0 0 0 0 0 0 0 0 0 0 0 0 0 0 0 0
0 0 0 0 0 0 0 0 0 0 0 0 0 0 0 0 0 0 0 0 0 0 0 0
6 6 5 3 1 0 0 0 0 0 0 0 0 0 0 0 0 0 0 0 0 1 2 4
4612 4828 3837 2297 1016 321 69 9 1 0 0 0 0 0 0 0 0 0 4 37 201 720 1812 3340
280578 293717 233437 139720 61796 19544 4194 562 41 1 0 0 0 0 0 0 0 14 253 2273 12257 43793 110235 203166
3276655 3430097 2726130 1631681 721663 228239 48976 6559 478 15 0 0 0 0 0 0 4 168 2958 26547 143138 511430 1287349 2372616
13261169 13882172 11033099 6603683 2920691 923722 198216 26547 1934 60 0 0 0 0 0 0 15 680 11972 107441 579304 2069841 5210114 9602369
31435432 32907510 26153821 15653946 6923460 2189671 469867 62928 4585 143 1 0 0 0 0 0 35 1612 28379 254687 1373233 4906532 12350510 22762294
95526617 100000000 79476755 47569524 21039149 6654016 1427842 191227 13934 434 4 0 0 0 0 0 105 4899 86238 773946 4173007 14910066 37530975 69170512
80860413 84646998 67274687 40266174 17809008 5632425 1208626 161868 11795 367 3 0 0 0 0 0 89 4147 72998 655122 3532325 12620923 31768843 58550762
30649838 32085129 25500219 15262743 6750438 2134950 458125 61356 4471 139 1 0 0 0 0 0 34 1572 27669 248322 1338915 4783914 12041862 22193448
19684199 20605983 16376967 9802168 4335324 1371125 294221 39404 2871 89 1 0 0 0 0 0 22 1009 17770 159479 859889 3072366 7733626 14253264
13086786 13699622 10888015 6516845 2882284 911575 195609 26197 1909 59 0 0 0 0 0 0 14 671 11814 106028 571686 2042623 5141602 9476099
8288918 8677077 6896259 4127644 1825583 577374 123895 16593 1209 38 0 0 0 0 0 0 9 425 7483 67156 362095 1293758 3256592 6001979
5084201 5322287 4229981 2531787 1119764 354146 75994 10178 742 23 0 0 0 0 0 0 6 261 4590 41192 222099 793557 1997506 3681453
3054566 3197607 2541354 1521087 672749 212769 45657 6115 446 14 0 0 0 0 0 0 3 157 2758 24748 133436 476765 1200093 2211801
1810791 1895588 1506552 901722 398816 126133 27066 3625 264 8 0 0 0 0 0 0 2 93 1635 14671 79103 282633 711433 1311188
1064237 1114074 885430 529960 234392 74131 15907 2130 155 5 0 0 0 0 0 0 1 55 961 8622 46490 166109 418123 770611
621998 651125 517493 309737 136991 43326 9297 1245 91 3 0 0 0 0 0 0 1 32 562 5039 27171 97083 244373 450386
362224 379186 301365 180377 79778 25231 5414 725 53 2 0 0 0 0 0 0 0 19 327 2935 15823 56537 142312 262285
FACTOR
  6.408050773877E-10
19 54 110 167 192 167 110 54 19 5 1 0 0 0 0 0 0 0 0 0 0 0 1 5
3797 10686 21781 33057 37929 33057 21781 10686 3797 934 148 13 1 0 0 0 0 0 0 0 1 13 148 934
94857 266946 544100 825801 947498 825801 544100 266946 94857 23337 3701 337 14 0 0 0 0 0 0 0 14 337 3701 23337
624036 1756164 3579479 5432709 6233320 5432709 3579479 1756164 624036 153527 24349 2218 95 1 0 0 0 0 0 1 95 2218 24349 153527
1792222 5043677 10280214 15602665 17902007 15602665 10280214 5043677 1792222 440929 69930 6369 273 4 0 0 0 0 0 4 273 6369 69930 440929
4538956 12773545 26035525 39515088 45338369 39515088 26035525 12773545 4538956 1116689 177103 16129 692 10 0 0 0 0 0 10 692 16129 177103 1116689
10011292 28173807 57424927 87155954 100000000 87155954 57424927 28173807 10011292 2463012 390625 35576 1526 21 0 0 0 0 0 21 1526 35576 390625 2463012
4136662 11641407 23727960 36012810 41319966 36012810 23727960 11641407 4136662 1017716 161406 14700 630 9 0 0 0 0 0 9 630 14700 161406 1017716
2094071 5893141 12011625 18230491 20917092 18230491 12011625 5893141 2094071 515190 81707 7441 319 4 0 0 0 0 0 4 319 7441 81707 515190
1418169 3991016 8134640 12346246 14165695 12346246 8134640 3991016 1418169 348903 55335 5040 216 3 0 0 0 0 0 3 216 5040 55335 348903
919018 2586303 5271501 8000754 9179814 8000754 5271501 2586303 919018 226100 35859 3266 140 2 0 0 0 0 0 2 140 3266 35859 226100
572100 1610005 3281573 4980566 5714545 4980566 3281573 1610005 572100 140750 22322 2033 87 1 0 0 0 0 0 1 87 2033 22322 140750
347012 976562 1990466 3021004 3466205 3021004 1990466 976562 347012 85373 13540 1233 53 1 0 0 0 0 0 1 53 1233 13540 85373
206985 582498 1187270 1801964 2067517 1801964 1187270 582498 206985 50923 8076 736 32 0 0 0 0 0 0 0 32 736 8076 50923
122134 343710 700562 1063270 1219962 1063270 700562 343710 122134 30048 4765 434 19 0 0 0 0 0 0 0 19 434 4765 30048
71565 201399 410499 623030 714845 623030 410499 201399 71565 17607 2792 254 11 0 0 0 0 0 0 0 11 254 2792 17607
41746 117480 239453 363427 416984 363427 239453 117480 41746 10270 1629 148 6 0 0 0 0 0 0 0 6 148 1629 10270
24280 68330 139272 211379 242529 211379 139272 68330 24280 5974 947 86 4 0 0 0 0 0 0 0 4 86 947 5974
14096 39668 80853 122713 140797 122713 80853 39668 14096 3468 550 50 2 0 0 0 0 0 0 0 2 50 550 3468
8173 23001 46881 71153 81639 71153 46881 23001 8173 2011 319 29 1 0 0 0 0 0 0 0 1 29 319 2011
FACTOR
  1.045853483174E-10
0 0 0 0 0 0 0 0 0 0 0 0 0 0 0 0 0 0 0 0 0 0 0 0
0 0 0 0 0 0 0 0 0 0 0 0 0 0 0 0 0 0 0 0 0 0 0 0
0 0 0 0 0 0 0 0 0 0 0 0 0 0 0 0 0 0 0 0 0 0 0 0
0 0 0 1 1 1 0 0 0 0 0 0 0 0 0 0 0 0 0 0 0 0 0 0
140 393 801 1216 1395 1216 801 393 140 34 5 0 0 0 0 0 0 0 0 0 0 0 5 34
13605 38287 78038 118441 135895 118441 78038 38287 13605 3347 531 48 2 0 0 0 0 0 0 0 2 48 531 3347
215299 605895 1234959 1874343 2150562 1874343 1234959 605895 215299 52969 8401 765 33 0 0 0 0 0 0 0 33 765 8401 52969
1056663 2973663 6061033 9199056 10554707 9199056 6061033 2973663 1056663 259964 41229 3755 161 2 0 0 0 0 0 2 161 3755 41229 259964
2642922 7437719 15159843 23008659 26399412 23008659 15159843 7437719 2642922 650221 103123 9392 403 6 0 0 0 0 0 6 403 9392 103123 650221
7578936 21328666 43472900 65980442 75703884 65980442 43472900 21328666 7578936 1864596 295718 26932 1155 16 0 0 0 0 0 16 1155 26932 295718 1864596
10011292 28173807 57424927 87155954 100000000 87155954 57424927 28173807 10011292 2463012 390625 35576 1526 21 0 0 0 0 0 21 1526 35576 390625 2463012
3642501 10250737 20893442 31710757 36383925 31710757 20893442 10250737 3642501 896140 142125 12944 555 8 0 0 0 0 0 8 555 12944 142125 896140
2167843 6100750 12434781 18872732 21653979 18872732 12434781 6100750 2167843 533340 84586 7704 330 5 0 0 0 0 0 5 330 7704 84586 533340
1457325 4101208 8359238 12687128 14556812 12687128 8359238 4101208 1457325 358536 56863 5179 222 3 0 0 0 0 0 3 222 5179 56863 358536
931530 2621514 5343269 8109679 9304790 8109679 5343269 2621514 931530 229178 36347 3310 142 2 0 0 0 0 0 2 142 3310 36347 229178
574763 1617499 3296848 5003749 5741144 5003749 3296848 1617499 574763 141405 22426 2042 88 1 0 0 0 0 0 1 88 2042 22426 141405
346635 975501 1988303 3017722 3462439 3017722 1988303 975501 346635 85280 13525 1232 53 1 0 0 0 0 0 1 53 1232 13525 85280
205997 579717 1181601 1793360 2057645 1793360 1181601 579717 205997 50680 8038 732 31 0 0 0 0 0 0 0 31 732 8038 50680
121261 341253 695555 1055669 1211242 1055669 695555 341253 121261 29833 4731 431 18 0 0 0 0 0 0 0 18 431 4731 29833
70944 199651 406937 617623 708642 617623 406937 199651 70944 17454 2768 252 11 0 0 0 0 0 0 0 11 252 2768 17454
