A 10 3
A 341 2.0
A 343 1
A 350 1
A 351 3
A 352 3
A 365 0.0025
B 90 1
B 92 8
B 93 0.128 5.0
B 96 9.5 9.0
B 98 3
B 99 1
F 60 0.4
N 41 100.0
N 47 1.0
M 10 2
P 12 100
W 22 -9.81
P 51 8.0000 0.0125
P 51 8.1000 0.0125
P 51 8.2000 0.0125
P 51 8.3000 0.0125
P 51 8.4000 0.0125
P 51 8.5000 0.0125
P 51 8.6000 0.0125
P 51 8.7000 0.0125
P 51 8.8000 0.0125
P 51 8.9000 0.0125
P 51 9.0000 0.0125
P 51 9.1000 0.0125
P 51 9.2000 0.0125
P 51 9.3000 0.0125
P 51 9.4000 0.0125
P 51 9.5000 0.0125
P 51 9.6000 0.0125
P 51 9.7000 0.0125
P 51 9.8000 0.0125
P 51 9.9000 0.0125
P 51 10.0000 0.0125
P 51 10.1000 0.0125
P 51 10.2000 0.0125
P 51 10.3000 0.0125
P 51 10.4000 0.0125
P 51 10.5000 0.0125
P 51 10.6000 0.0125
P 51 10.7000 0.0125
P 51 10.8000 0.0125
P 51 10.9000 0.0125
P 51 11.0000 0.0125
P 51 11.1000 0.0125
P 51 11.2000 0.0125
P 51 11.3000 0.0125
P 51 11.4000 0.0125
P 51 11.5000 0.0125
P 51 11.6000 0.0125
P 51 11.7000 0.0125
P 51 11.8000 0.0125
P 51 11.9000 0.0125
P 51 12.0000 0.0125
P 51 12.1000 0.0125
P 51 12.2000 0.0125
P 51 12.3000 0.0125
P 51 12.4000 0.0125
P 51 12.5000 0.0125
P 51 12.6000 0.0125
P 51 12.7000 0.0125
P 51 12.8000 0.0125
P 51 12.9000 0.0125
P 51 13.0000 0.0125
P 51 13.1000 0.0125
P 51 13.2000 0.0125
P 51 13.3000 0.0125
P 51 13.4000 0.0125
P 51 13.5000 0.0125
P 51 13.6000 0.0125
P 51 13.7000 0.0125
P 51 13.8000 0.0125
P 51 13.9000 0.0125
P 51 14.0000 0.0125
P 51 14.1000 0.0125
P 51 14.2000 0.0125
P 51 14.3000 0.0125
P 51 14.4000 0.0125
P 51 14.5000 0.0125
P 51 14.6000 0.0125
P 51 14.7000 0.0125
P 51 14.8000 0.0125
P 51 14.9000 0.0125
P 51 15.0000 0.0125
P 51 15.1000 0.0125
P 51 15.2000 0.0125
P 51 15.3000 0.0125
P 51 15.4000 0.0125
P 51 15.5000 0.0125
P 51 15.6000 0.0125
P 51 15.7000 0.0125
P 51 15.8000 0.0125
P 51 15.9000 0.0125
P 51 16.0000 0.0125
P 51 16.1000 0.0125
P 51 16.2000 0.0125
P 51 16.3000 0.0125
P 51 16.4000 0.0125
P 51 16.5000 0.0125
P 51 16.6000 0.0125
P 51 16.7000 0.0125
P 51 16.8000 0.0125
P 51 16.9000 0.0125
P 51 17.0000 0.0125
P 51 17.1000 0.0125
P 51 17.2000 0.0125
P 51 17.3000 0.0125
P 51 17.4000 0.0125
P 51 17.5000 0.0125
P 51 17.6000 0.0125
P 51 17.7000 0.0125
P 51 17.8000 0.0125
P 51 17.9000 0.0125
P 51 18.0000 0.0125
